195
5439 20
86027 92296 62001 96330 74913 21990 60442 49521 86206 838 69698 75089 24440 17824 11942 80092 20181 10570 95183 51725 
1504 19
76629 36228 10783 25159 95023 89495 53279 27272 73289 60114 6788 33029 12996 48312 39026 55493 5201 87612 81801 
5102 19
61158 32509 54628 14725 54312 18683 45706 63246 23615 38408 42106 70213 26637 12318 10890 47516 84978 17349 20371 
1806 17
29134 28519 14206 55015 84606 35663 95881 52550 8055 99125 32173 7187 63541 32945 36420 75820 62397 
7831 10
96571 76869 18484 74515 20379 28863 18246 83290 50095 69527 
7447 17
24918 33679 96240 61869 49326 2852 93891 49655 66943 42060 78470 177 3187 11969 94081 18641 76112 
1706 13
50281 4291 84992 79225 75391 53099 94688 47045 51062 32804 23178 23791 86794 
6947 16
81664 2655 3786 51113 21070 7199 19959 32398 25707 38963 7024 18436 4090 11879 75528 41470 
6020 19
20367 55774 38495 38747 65581 38092 37584 16329 6235 95373 7074 67998 5209 25232 95225 141 35028 77779 46814 
6367 19
4138 46085 8507 89772 95063 18716 68008 53725 74113 41361 7512 51554 12701 85339 4513 51998 55679 59315 55688 
8145 12
31942 13379 95817 27034 54417 4114 64541 61651 71242 40138 57331 53489 
5518 10
31128 59737 96274 3768 9698 53113 65759 39802 22482 33826 
6789 12
67030 13829 31170 25465 24548 17898 230 33459 90492 96203 2513 480 
9966 17
47023 25555 4515 37967 54418 53382 97543 51312 7254 66745 2384 35141 49157 96753 43424 91992 94205 
4938 20
88649 78176 14537 83616 81378 78429 1015 25904 96512 68058 68451 63177 18616 9815 79391 61107 3511 51973 84557 75362 
1049 19
58459 77276 60680 9900 3703 85078 54415 96767 42964 6246 52415 37155 97751 8378 96474 66147 75843 95406 18847 
8572 19
54514 35534 12537 5616 23157 22464 61981 91093 96767 69201 93536 53430 11908 88489 82427 99978 83108 29877 64529 
363 19
40487 66598 31948 37433 80368 16716 11267 97712 78075 97688 96606 42838 90068 53736 90484 82794 53122 65294 33729 
6607 17
11257 88118 32739 40104 10622 31828 55097 27459 98495 38537 31349 75727 86148 2690 12666 98411 5971 
7321 20
96724 13290 62345 29943 5179 792 46181 99333 3876 15661 28805 87815 82970 14449 91030 40097 65472 73703 1842 83185 
9730 20
19222 6266 53014 70796 24739 58576 55585 14811 22331 64189 86731 32356 95043 46789 90332 93533 77896 11655 9781 97708 
6686 14
2929 75489 7754 43482 26228 54361 51855 38182 67169 10035 93809 38316 3332 17313 
5127 18
29435 28179 56885 5492 18849 76939 27431 5937 41378 58789 76947 53128 71653 27167 36963 81540 80445 18248 
6782 20
86027 84072 69692 37178 58313 2356 94939 41134 22771 50684 71384 42706 10634 36522 1649 17917 92799 6926 74177 35177 
2382 18
61486 92748 77262 28433 23143 24298 10141 6773 69987 71765 57769 75405 65970 48747 1950 15841 21701 94258 
6505 18
32164 13290 92636 9439 66992 60768 18070 64357 89064 36361 76670 16283 62069 14857 85323 31280 85638 3957 
6168 17
87831 55952 453 99999 53686 54517 5302 13839 4741 78686 84289 57858 28227 62532 72189 51021 7520 
2129 17
17832 54900 3497 92456 19696 62739 41248 57508 45692 78475 53413 66049 23066 4999 4116 28243 37880 
1873 13
83188 75354 92516 81407 29783 83314 96876 14302 21409 89584 91002 87217 34416 
8477 20
17832 17685 64335 98545 1345 74320 31932 2488 92382 63522 42039 93866 5189 77580 39721 69391 68110 19176 94715 77335 
3196 19
46780 25747 41923 36052 42418 98233 37232 26223 21474 82021 40925 1195 59739 17497 51129 7176 39714 84731 8165 
4047 20
1501 51137 76475 63531 7619 55236 61809 46809 331 4644 51960 9089 48608 61080 64194 61767 92880 76128 32952 38910 
9081 15
55774 37630 8893 82682 3001 1161 31591 86117 34619 27930 51304 93266 56624 36605 71966 
239 15
49031 12443 71350 73369 70868 72392 9766 98361 82499 1599 18522 41516 89876 18200 37133 
2217 20
90451 46501 34384 20262 2258 75914 76189 76516 58294 60061 77362 66 26516 79015 78480 21551 89459 22787 6107 9062 
6743 14
7930 49522 54070 46518 44681 32687 7377 86606 30014 63411 37829 54489 5617 28607 
7526 19
4733 14402 82076 36119 7643 86711 9793 39612 76653 55696 63776 25592 82310 62487 46004 90177 90850 38532 47577 
5908 13
11257 36780 78996 98233 75011 93760 68318 97690 76401 55604 70351 85511 41873 
3718 12
61486 77754 81323 54982 75497 95367 44229 37942 96263 92245 98400 41676 
7346 13
34713 58848 73658 63003 28925 8572 71336 28323 38212 26039 40442 52973 24976 
4430 20
58755 80658 93730 73238 44228 62452 81339 52219 68883 80369 36836 55012 37464 1557 14462 11400 92534 12679 37523 3216 
9144 20
85839 45728 22606 96621 54637 86011 84552 64712 253 60126 15122 20550 95617 29261 36689 59014 74406 3719 9661 7877 
1305 20
19686 86033 771 66909 67935 32496 64397 80068 19682 85390 82176 16546 2 53253 75980 1409 63400 463 24 16862 
2847 12
13519 91853 77995 63080 94681 82413 98917 7501 60685 29552 21411 37906 
2573 15
59232 47591 72175 49946 63615 13454 23758 95128 41914 46473 40081 88753 88378 10345 42467 
6974 20
43942 88359 95895 65028 38847 9837 7438 41411 75842 62493 90778 44804 11666 87234 29098 79596 67111 23545 65090 80790 
5636 14
66693 73143 30190 36130 36779 81387 92877 85578 6758 55772 19345 91391 63913 54986 
4300 16
64394 76046 54399 11033 67648 39613 70905 31061 16592 36569 31821 24425 14456 3956 46790 40386 
4035 17
51908 47786 90985 44547 59289 50563 6854 33423 75412 9140 93810 89324 27594 18030 56658 60347 28056 
3280 17
34931 54323 91175 65581 37798 27414 94594 71039 69452 87524 59699 85858 28972 58270 74539 57950 39382 
3953 18
15550 80813 8169 5704 78057 66720 51407 54495 28280 88667 95826 19290 11603 32155 95955 64015 64680 38261 
4604 13
39649 41997 15376 5038 82423 12035 96775 63847 97600 66708 2724 98772 43924 
8245 18
39704 96578 34737 7220 85185 31406 18299 47663 50328 78925 28203 64937 15034 37611 83391 63669 48570 53275 
1083 17
35359 68383 56136 70607 20794 9789 98307 60037 96385 69170 31799 14170 26572 35932 66177 43898 53850 
1547 15
16334 33138 70097 72438 9608 27840 27920 57578 71781 23355 38491 63781 22863 51719 97018 
3426 12
35241 89452 37209 37602 95638 81958 49861 29302 91950 36572 91625 47657 
1619 11
51729 8221 67940 20145 18077 84316 66443 93113 11813 70913 64868 
9230 17
85839 59852 32563 5590 92672 96617 98508 88600 46909 20946 43277 82034 43786 64116 18457 42185 763 
5491 15
66873 64717 93423 13346 90695 81691 30253 16063 83529 23414 42612 68770 7328 17760 44393 
9576 17
96929 67414 39473 5918 87975 32639 81546 49369 59675 49846 93554 20184 78665 16203 87698 94174 19706 
4662 17
81664 80872 54332 37350 57780 21831 52840 43931 43970 13801 24376 33622 97067 69919 65523 37001 84548 
4530 20
20367 35550 75613 49620 16339 59736 36535 14970 87583 29429 35237 45342 63425 467 77447 58385 59613 649 81708 7712 
6189 20
38508 35114 35704 84448 29089 80523 60912 16253 99320 27544 57806 27676 72577 28025 55709 73003 77413 55154 75602 74773 
5557 19
77548 87149 79414 26102 32697 10723 95974 66848 61338 64059 49399 65550 48111 28142 41491 79834 65085 28320 65166 
2849 17
96724 70315 35075 54762 58244 87343 31763 89917 38477 27298 88399 82002 92079 34688 79916 65676 75525 
2014 16
76869 10426 11824 78708 895 42773 40581 71397 4331 67482 61722 43259 45155 50136 41020 47527 
9945 15
46780 27614 1608 56229 74190 52417 39850 51500 35303 4118 16504 82077 74099 66456 4135 
9090 16
77548 87479 78775 33920 84939 18753 45853 7309 22873 94269 73951 28116 26503 31119 36156 20149 
5497 12
39649 70733 30952 5899 14403 56333 3912 12495 95913 96473 94812 32412 
3422 18
32509 33537 70129 13697 73275 54137 60459 44517 9029 35111 37954 448 5674 34821 19997 40663 33414 8208 
1513 18
95427 74683 22655 98850 57648 12439 47120 49062 83079 78115 36755 27010 29577 62512 75594 74794 14074 25064 
3689 17
84418 84170 55356 5484 85595 41546 91723 27023 82901 22703 45179 92336 61466 22385 28576 40928 4020 
5995 18
89458 70761 55937 23802 38772 95170 25136 90526 8454 92649 70187 86189 43298 54699 76006 75261 93790 40256 
2398 16
19686 41185 13587 10011 38957 56339 69973 74056 56251 5101 62486 32053 37480 14994 94259 5843 
8504 19
7577 77133 28330 98394 77330 26174 33874 46658 79836 94219 15554 52634 48275 41987 17580 5482 27984 96191 38261 
4931 16
61486 44722 9495 9292 26018 75259 27586 12278 95764 48175 72725 44215 45055 6031 61276 2539 
8851 13
29435 17623 75065 52004 53861 82242 48069 53381 56577 40552 99235 65175 71308 
1124 11
43942 58333 54796 77114 30731 22749 28968 14840 6475 34924 27955 
3306 17
62590 33651 46355 83493 78551 78504 79610 59778 91251 74779 89523 51387 49472 41945 37296 16998 37210 
5294 20
22139 48322 87435 95852 78911 93228 78899 16698 77661 80627 98765 42723 24523 35912 28350 22848 93883 99504 14456 48438 
1821 11
2655 13991 20486 73198 88119 70453 83654 65636 64686 61552 71254 
5120 10
21103 11032 68472 62092 33512 45975 82536 82968 57947 84069 
6785 12
84418 32161 14269 64294 22875 1028 82489 25947 50402 26790 26444 10580 
6705 15
32380 87881 85307 48332 13254 98778 87212 53252 25972 21626 53378 68142 84572 78371 91455 
6074 16
39704 36037 66206 31794 9700 56271 17568 79050 47011 97994 11030 69811 84601 53086 67520 1269 
9633 19
32380 60893 65790 93360 30444 18561 80346 92225 73445 34777 56849 71935 23837 61279 3389 85855 47195 70737 90869 
5407 18
34931 65613 78432 63098 72959 78001 76834 67110 33946 85180 80227 58201 79123 8026 86947 52049 83628 97128 
8610 18
35359 25148 94737 87683 6433 91864 6625 77919 25014 37962 97614 41788 93833 34123 5112 24685 58260 39563 
3448 13
66126 58634 87585 33918 40500 23298 34631 66163 37091 71862 27118 83117 95215 
7944 19
58459 33620 26419 85337 37592 59069 30787 41921 51986 77037 18057 44847 46168 83071 94500 89051 48814 75284 8190 
8198 16
3079 10738 26204 7524 51113 58483 66286 96298 59495 88933 41823 79594 92622 48942 20928 12267 
5449 12
80488 80890 90692 1515 72115 76653 18059 67070 21149 79649 92270 42054 
4032 16
96724 42375 62227 59059 75291 92981 68112 51048 35908 32155 40324 52001 20194 14852 66853 7520 
7512 20
76140 50160 93792 26310 13473 74 35094 60390 32530 8122 90572 88722 64121 25400 64757 45226 2705 76456 50060 63912 
6933 14
29134 89810 18814 74638 33853 83938 51673 76646 73745 36460 66002 9482 33506 24262 
9297 17
46791 35231 71787 31437 63350 78330 54516 47521 47539 50021 66552 47484 59140 93994 81907 64046 31246 
5371 20
17832 64207 88714 19200 148 13317 92326 6973 70107 92824 62941 76146 27757 30254 36848 67048 49611 59805 44981 16987 
6046 19
8047 35231 36713 6016 61078 29604 26210 58594 34960 79104 3068 57055 34321 172 10235 44676 75440 25098 54919 
8791 19
95022 67079 77912 27407 7524 86695 7772 91907 68515 10195 89708 70762 32205 58323 55805 40812 99958 73654 5851 
1813 16
86714 21712 58637 68464 15149 72561 86728 94960 8506 55178 31624 97048 41353 71192 92945 32864 
3780 11
54514 99673 50908 71 10780 24280 87183 23965 25832 39895 72790 
9148 10
17832 4641 46863 35691 43265 30171 19653 83256 1148 84829 
6167 15
85441 55356 15858 80641 19401 64281 10443 27447 72401 91541 69524 22635 90972 38930 12623 
7733 13
20367 67776 90390 36870 75473 87026 32995 94598 16473 7080 105 3779 77765 
2000 20
96178 4784 97631 86918 59914 67626 87298 88835 99914 13913 37339 26922 45716 15680 34333 31211 66264 57057 11706 60494 
4145 20
582 85829 46297 97083 92108 70297 41819 47120 74678 42562 63541 17872 81685 31357 74187 27858 17431 94869 40349 15333 
9660 15
66693 65608 99433 33140 96034 82327 58986 27318 65845 48829 36904 7274 57691 60204 46280 
4316 19
66447 4950 13342 77513 87587 71294 78639 27151 14926 35146 5208 69061 37870 24007 33788 99961 59990 18902 26179 
7718 16
81664 60359 56013 62902 45232 68845 27298 95154 60428 43357 78201 87371 38221 62446 40897 35277 
3985 18
49031 86359 84282 42652 29066 29046 66992 2765 25126 76438 57790 70126 72004 93963 96090 45174 56551 38987 
6270 18
46913 68702 80578 92477 38716 42303 47449 37195 81864 91670 91950 31323 92643 82875 58078 9171 88820 21627 
2051 19
60871 69665 28053 152 50970 42290 21028 51747 32773 3530 79927 61733 45041 66065 99709 66358 59677 47979 7639 
7214 11
95427 4745 2812 66484 19844 43248 61451 10961 49873 61619 45191 
8451 18
16334 5643 5197 36906 24308 41612 50218 83834 21008 51777 91892 73698 81121 7966 18493 94988 93693 68987 
5957 19
15857 11601 12683 93648 73285 16118 9519 69754 14059 69655 16538 92937 4178 30236 45400 7362 38263 56863 41798 
7054 16
29435 99453 60902 22971 48929 98841 80789 59377 94474 18246 32051 97482 4845 93712 10356 8088 
6621 10
24918 29969 58005 21628 38960 79953 79047 25461 15965 39522 
5382 18
34557 4411 90987 78708 99250 7268 64934 26848 24607 41188 10857 49704 32374 58257 18726 65989 39423 88239 
4046 19
69492 37364 64874 48110 47550 61947 55001 45505 83754 25200 21386 34800 63367 49922 99007 80920 9968 93155 5601 
2788 15
17832 10458 12740 36995 12146 94294 71443 52631 82559 49763 50713 7147 72787 77324 44218 
1284 17
86714 4411 91858 25926 57491 9653 24449 47498 76152 23372 57915 73962 7946 41598 40470 47274 10114 
5725 15
19736 51450 88334 97280 66137 39816 63776 93868 9141 31115 42812 90469 80456 5126 66161 
6564 13
31128 9300 26188 40167 61898 2643 63645 23828 61293 25873 21305 82125 73340 
5899 16
62590 25478 84654 26518 10866 56433 78402 221 66043 90423 34492 17809 26953 97845 55300 78904 
5489 17
84418 31056 89550 63414 46295 49463 59301 20738 58677 19991 44629 34636 91430 25043 43335 21305 26615 
833 18
36639 51085 14187 51090 61334 45371 78240 67330 75751 89085 81677 45872 95562 333 29534 11423 59692 5310 
7677 12
69492 14827 22675 89548 34890 33828 89668 68984 71593 93512 10181 4266 
1065 19
50281 9836 95946 77947 91882 87160 78289 73016 93966 56400 54970 9015 76483 33295 36080 88148 59899 39346 28543 
9344 15
76629 4925 16132 51888 62133 78586 34099 14953 12817 77295 68020 54316 13123 21106 92401 
4813 20
61968 4925 70504 53605 80961 33887 79227 94508 92336 33141 80938 1619 4381 44893 81110 48889 56513 40613 80023 46409 
5839 18
4523 69662 4997 27449 62953 23063 30960 40031 67283 52693 71157 2988 51242 57034 8942 91054 63809 5462 
5818 19
51908 72617 55359 63941 1281 66216 84011 40475 91785 98400 34960 59170 32589 35342 70993 6644 20394 14283 10087 
95 16
58970 13609 8874 7894 73754 40182 12691 18287 82406 19764 39472 56045 60413 33411 28427 50831 
4882 14
78564 3074 58625 58618 69416 36837 14301 92506 22307 46134 26990 93515 59199 63725 
7427 14
80889 68881 25083 59608 73781 47373 51382 76202 60112 38972 96720 15578 93920 37845 
4353 16
44163 112 1330 22716 21369 91043 89064 80859 410 3546 10608 94528 99745 48790 9090 580 
8386 17
24656 29325 54591 67304 10668 28741 76829 9683 80155 70971 90162 87600 98519 51994 79504 59817 20960 
9003 19
62590 54152 100 18537 37382 71443 15894 1445 82413 67647 85613 47211 2814 32274 68965 71981 74445 81834 30053 
376 18
86036 64443 33324 33638 46481 22204 16735 13363 46678 46614 59497 605 44627 50141 38021 79000 54097 63488 
6471 14
31128 34502 26521 55923 45262 72624 17786 80526 86164 86432 1550 65574 82730 68822 
6803 15
7930 9862 41797 81998 98721 58221 12299 73284 39360 49134 48276 40443 74191 50896 2882 
4188 20
78816 40737 55107 24790 78967 4685 65716 74653 48855 61295 49469 3949 9443 98086 9776 42996 94512 95029 53254 61376 
7400 16
29435 17790 13517 7689 74848 34825 8590 69153 89982 55175 69903 63989 57596 78907 61739 81389 
1600 17
51295 47177 71654 93277 33961 20916 53875 46388 38123 54844 75790 52536 97720 31809 93933 7168 26454 
992 16
96724 15834 72826 88866 78950 59591 64705 87036 98770 34783 81467 85969 58804 99374 61062 97559 
4027 19
94515 69730 71401 50290 95118 74726 97507 28753 3280 87461 2924 63754 36907 36872 92849 24809 78354 56847 49250 
9926 19
81947 96756 60582 88696 93284 90990 60362 71798 51440 78372 83446 47992 61502 56215 85636 31119 84581 64989 28125 
5310 20
31916 18854 76641 96402 49946 63451 45286 6534 606 15813 22487 38852 94736 39682 64901 31827 46404 83030 53672 83429 
4920 18
64394 77375 79225 38893 70088 24622 35872 56089 30216 81502 6302 80154 6573 11950 33332 97624 92203 40996 
6045 18
69812 76953 42670 61624 55711 32953 6714 87413 126 9675 41662 45478 53513 36492 77109 13155 33012 29766 
2305 20
67030 89882 65640 71856 41775 75577 13779 51651 34646 97576 68432 68312 74346 29008 42829 8465 15683 75993 38883 29152 
89 20
66447 44708 93351 19252 28626 72941 88628 18455 29904 82939 70486 32438 5836 72340 39105 43448 98228 74429 75415 19047 
2335 17
93791 72675 16549 79453 28536 77935 76603 33545 65415 60174 61011 53363 41592 61366 94813 19439 30255 
3378 14
53311 87002 22092 57628 86986 47958 62647 55307 83590 96466 97709 28485 69945 3654 
717 20
58134 49956 29214 33839 84922 32110 63263 88204 71402 30665 7343 52084 33787 19074 10237 49689 10964 32630 40782 23806 
3182 17
62590 75229 48230 74720 97675 85622 70932 71168 68327 28557 42131 32336 48825 53636 10925 85470 72154 
2032 15
24656 22799 37577 13151 26930 65662 30203 4790 38220 98878 13168 38720 45084 74328 91965 
6276 13
88649 95055 47783 69710 5705 97724 7110 79244 62523 21090 27572 30351 21857 
8284 15
58970 46145 76266 53694 21183 68450 5822 64777 70424 41352 26031 42370 48554 19788 27401 
3392 16
4733 88354 26235 49503 49700 62537 41496 69500 76309 65516 61398 16806 43946 63634 20718 62593 
3859 15
24656 76163 13583 30049 53180 84076 67860 90034 40901 67990 61686 17275 22248 50188 51337 
8041 16
66873 51727 23432 71845 47237 80276 50373 15427 78976 40278 75881 51803 66867 68392 11900 53275 
5271 15
1501 41853 11409 1571 10000 69633 6348 21585 93526 32957 40280 15361 5743 1215 34966 
6400 13
2655 97533 1317 36956 75938 6441 66453 71430 54193 12785 23947 22744 55219 
167 19
60871 57990 36303 72109 80055 91886 82163 62572 19274 9431 28225 18981 15259 53815 3846 456 81155 45177 35985 
4745 11
34557 56150 35646 87975 87314 40292 9909 83089 33293 52336 70082 
7127 12
1527 78888 42231 51630 98446 76354 26447 34492 46680 4841 42316 68647 
7493 17
90439 7072 2100 26660 83598 79072 99864 87541 90060 85267 52915 63839 85796 78279 48977 93534 50461 
1081 10
32509 52792 1631 12063 2153 60934 59747 95883 19411 1003 
4177 16
7999 46104 7032 6626 76985 62027 29695 7074 53773 83485 4981 96601 46241 92357 55037 9436 
2929 17
54481 87204 27465 27023 44911 38518 30469 38703 43243 46862 35499 81535 136 91547 58328 21993 70385 
7965 11
39704 45263 62485 41030 60250 90004 87475 67639 16150 21517 71423 
6117 18
29713 77990 64553 45777 68220 55019 91945 97541 75552 71184 19770 97586 58096 6550 80831 17496 54120 67332 
5370 19
96929 84439 51241 81893 55462 17146 86901 26596 23049 87603 92455 1512 1905 36902 57716 35111 47155 96547 75474 
7221 11
35359 45204 11374 20758 54877 265 99827 43834 52456 67444 76831 
3018 20
80889 52662 95023 48743 57657 69163 40816 42088 48801 20885 65065 3919 97192 66797 41392 77621 25042 96944 83338 35915 
240 20
15674 69742 55689 37891 72409 49892 21367 63303 95355 1622 88217 76863 73126 54767 43496 69382 14528 76683 90766 28567 
1695 11
24656 29069 39718 73996 79435 77220 94431 95516 39099 52863 4181 
3535 19
64927 93792 69818 72449 97839 95380 81839 37 87611 4609 86831 68628 40813 96779 17332 95166 24231 82397 38130 
6804 13
39649 33389 18597 6722 79198 97529 65802 6486 31424 45339 62600 75157 12635 
9089 17
34557 31446 43354 96450 63990 27720 69315 71281 74289 54396 61054 67033 450 56477 20893 26061 69517 
7173 18
48093 45957 16765 67600 51287 4461 99739 80374 15122 61890 59334 35610 668 24620 50199 83147 8986 56419 
9641 15
78078 22138 79147 95066 91498 13853 90634 39752 56583 85065 52231 46240 77591 91071 79482 
3895 15
46913 47253 90249 59381 77134 68452 19709 65483 23246 92202 78465 56683 74615 38729 83575 
2027 19
7930 42711 25881 59244 2824 65283 46951 75633 61374 34445 82429 66356 34060 81458 4442 78552 10964 16995 30422 
4093 18
53311 89149 24593 92340 40448 23436 2824 27328 57799 72554 82637 76049 41931 79666 48262 2193 43037 65457 
8425 14
29713 10636 87774 51261 77331 53213 908 20376 93780 56705 57872 64533 41110 27870 
4062 18
63174 16646 68245 77929 52479 39741 5709 21119 47885 97121 42726 91315 58764 79939 89110 95844 27425 39226 
3596 16
2655 87114 61889 14361 83892 5409 15458 84306 41738 89745 75766 83297 41570 89718 46928 67444 
6683 20
31128 93888 10427 54273 98182 92097 40642 88756 77971 93585 53939 30537 71803 15737 20575 61531 65452 83197 48767 34842 
4555 15
21103 94275 82820 6388 5062 38892 22011 51370 17634 61974 49557 96456 13493 76013 13792 
6694 14
47023 6928 43114 29563 78535 51500 93434 34659 95283 87237 8661 71961 27826 81013 
7809 17
78564 64799 60728 87197 34807 32793 39730 2733 52202 27432 40537 79665 58356 73228 57503 20404 97337 
2911 13
49238 56723 36056 45330 55406 11811 78372 77220 52213 48983 75257 90324 84762 
8384 1
34713