694
162 14
1107 1108 1109 1110 1111 1112 1113 1114 1115 1116 1117 1118 1119 1120 
8081 14
42901 35500 8130 42902 25135 42903 42904 42905 40230 25569 42906 42907 42908 42909 
3402 13
20963 12982 20964 20965 20966 20967 5075 20968 20969 20970 20971 20972 20973 
5525 13
31803 24455 26417 31805 31806 31807 31808 31809 31810 31811 27552 31812 31813 
6039 13
34227 11340 34229 34230 34231 34232 324 6900 7675 34233 34234 13964 32844 
6550 13
36497 22576 36498 36499 36500 31269 26863 36501 26925 23004 36502 4253 23847 
7734 13
41510 4284 41511 21571 41512 41513 41514 41515 16180 13385 21153 23756 41516 
8540 13
44707 27996 39123 29596 44708 44709 44710 17452 17616 44711 2873 44712 44713 
8830 13
45789 45790 13498 5840 43019 26770 45791 14503 11165 14569 45792 45793 45794 
9781 13
49124 42972 45656 34600 40904 20362 2390 41280 12368 49125 49126 49127 49128 
11518 13
54652 54653 54654 54655 3409 29267 28555 37327 4116 42470 9622 49635 23256 
11786 13
55403 41586 38898 55404 6879 53505 46631 45837 12252 45560 55405 50813 26670 
14888 13
62985 34680 62986 62987 2987 24038 62988 10200 62989 15476 53011 41186 39501 
15139 13
63505 55492 17186 36767 42144 18367 54993 63507 23372 60435 63508 34650 63509 
15709 13
64679 36182 32266 61853 64680 4368 64681 58185 24617 64682 64683 54329 50947 
16352 13
65892 38425 60055 65893 85 42266 19964 22095 60660 65894 50653 65895 65896 
16630 13
66406 14033 43306 52978 66407 47280 41261 30162 54969 9069 31423 39132 66408 
17443 13
67678 2254 65012 46674 16321 22411 67679 67680 37498 2940 12011 37331 67681 
17737 13
68156 13492 58808 48066 68157 27125 1210 56858 12236 15936 45813 68158 2883 
17835 13
68305 66819 64579 60758 30014 41313 68306 61307 26338 68307 68308 68309 26016 
18430 13
69169 56778 65555 69170 69171 19387 69172 56366 1253 33362 20391 54293 64232 
20307 13
71555 17631 44035 59472 57912 55657 34508 27055 71556 63415 26437 71557 25403 
20559 13
71832 65040 69135 71833 24812 67321 33724 53319 61994 22277 13373 5640 50504 
20755 13
72065 58515 51468 43606 51593 20128 34547 63283 29312 55903 69662 64417 20365 
20827 13
72140 72141 31625 57135 38364 47840 22680 51835 35508 2521 45814 69797 43064 
21067 13
72407 41940 48689 23337 14782 11238 26551 47958 35866 66685 24345 46507 27184 
22086 13
73478 42919 63466 9196 65963 38179 12431 25555 51352 51856 19821 51217 73479 
22384 13
73755 49095 34026 69892 61808 43455 14151 70492 65871 42859 9375 53393 14462 
22759 13
74104 47717 2149 60624 1097 21863 38156 56634 36255 49662 6883 69820 17529 
23662 13
74833 42757 67881 74834 67882 71553 51526 122 23124 40144 53664 66180 5986 
23907 13
75027 54503 17619 31917 51969 59996 73895 40573 45551 75028 31984 59058 43542 
25430 13
76097 6896 34381 67865 72572 60817 880 49979 58031 71710 54597 53547 37079 
26084 13
76509 58484 59510 24895 27660 524 9310 51532 38122 27227 61321 40036 38701 
26141 13
76543 46925 72737 72851 50655 69697 5605 68304 13862 76544 51794 31544 64762 
27372 13
77250 32307 1089 63129 63116 62627 22309 65744 16719 18527 75853 4391 74584 
28646 13
77920 1921 74489 5314 9053 76921 7067 26937 9059 23817 23879 65364 60612 
29848 13
78524 33352 72153 14247 37343 53832 76698 45576 70408 72732 75998 17260 58849 
616 12
4132 4133 4134 4135 4136 4137 4138 4139 4140 4141 4142 4143 
773 12
5156 5159 5160 5161 5162 5163 5164 5165 5166 4868 5167 5168 
967 12
6434 6437 6438 6439 6440 6441 6442 6443 6444 6445 6446 6447 
1031 12
6850 6853 6854 6855 6856 6857 6858 6859 6860 6861 2819 6862 
1407 12
9253 9256 9257 9258 9259 9260 9261 9262 9263 9264 9265 9266 
1412 12
9295 9296 9297 9298 9299 9300 9301 9302 9303 9304 9305 9306 
1479 12
9703 9705 9706 9707 9708 9709 9710 9711 9712 9713 9714 9715 
1495 12
9809 2572 6646 9811 9812 9813 9814 9815 9816 9817 9818 9819 
1505 12
9870 9873 9874 9875 9876 9877 9878 9879 9696 6429 3473 9880 
1792 12
11623 11624 11625 11626 11627 11628 11629 11630 11631 11632 11633 11634 
1913 12
12359 12361 12362 12363 12364 12365 12366 12367 12368 9366 12369 12370 
1916 12
12382 12383 12099 12384 12385 8405 12386 12387 2540 2063 12388 4318 
1949 12
12578 12581 12582 12583 12584 12585 1874 11779 12586 12587 12588 12589 
2188 12
13994 13995 13996 13997 13998 13999 14000 14001 14002 14003 4478 14004 
2195 12
14031 14033 14034 14035 14036 14037 14038 14039 14040 14041 14042 14043 
2275 12
14517 2903 14519 14520 14521 14522 14523 9548 14524 745 14525 14526 
2289 12
14599 14602 8510 14603 14604 14605 14606 14607 14608 14194 14609 14610 
2762 12
17380 17381 17382 17383 17384 17385 17386 17387 17388 17389 17390 17391 
2848 12
17868 17869 17870 17871 17872 17873 17874 17875 4409 17876 17877 2683 
3001 12
18734 18736 1734 18737 6592 18738 18739 18740 18741 10248 18742 18743 
3193 12
19812 19815 19816 14873 19817 19818 19819 19820 11609 19821 19822 19823 
3199 12
19846 19849 4421 7129 19850 19851 19852 19853 19854 19855 17528 13212 
3253 12
20143 1937 20145 20146 20147 20148 20149 1891 9885 20150 10262 20151 
3294 12
20376 20377 3968 20378 20379 3700 20380 20381 20382 20383 16751 1390 
3369 12
20780 20783 20784 20785 4585 20786 1749 20787 20788 20789 20790 20791 
3616 12
22132 22133 22134 1897 22135 22136 22137 22138 22139 22140 22141 22142 
3635 12
22228 22230 22231 22232 22233 22234 21226 22235 10341 22236 22237 5168 
3833 12
23296 23299 23300 23301 23302 197 23303 23304 23305 23306 23307 23308 
3910 12
23708 6897 23709 2756 23710 12148 13626 23711 23712 23713 23714 23715 
3932 12
23825 23826 23827 23828 23829 22467 23830 23831 23832 23833 23834 23835 
3974 12
24043 24044 24045 24046 24047 24048 24049 9134 24050 24051 24052 12486 
4179 12
25100 25101 25102 25103 25104 25105 25106 17573 25107 25108 25109 25110 
4508 12
26811 26812 22102 26813 26069 26814 26815 23101 26816 26817 26818 26819 
4529 12
26910 26912 26913 26914 26915 8150 26916 26917 24796 26918 26919 26920 
4535 12
26938 23300 26941 9325 22348 25579 23081 26942 26943 23429 26944 26945 
4672 12
27652 23002 27653 20881 24735 18394 27654 27655 27656 27657 27658 27659 
4775 12
28136 515 15436 20966 28137 6686 28138 28139 28140 7643 28141 28142 
4856 12
28532 28533 5576 28534 25218 28535 1495 28536 28537 28538 28539 28540 
4911 12
28800 8987 28802 28803 28804 28805 28806 28807 28808 28809 28810 22142 
4974 12
29117 29118 21596 2868 27492 29119 16832 29120 29121 29122 29123 29124 
5078 12
29644 8390 6068 20736 15808 29645 9510 29646 29647 29648 29649 16735 
5134 12
29930 20697 17365 29931 29932 29933 29934 29935 29936 7193 29937 13090 
5292 12
30695 30696 30697 30698 30699 7883 30700 30701 30702 30703 30704 19924 
5318 12
30824 30825 30826 30827 9187 16188 23344 30828 17242 30829 6903 30830 
5415 12
31282 30834 24423 31285 2476 4324 3307 31286 31287 845 23783 31288 
5762 12
32929 28180 32930 32931 32932 32933 32934 14545 7368 28744 20445 32935 
5829 12
33245 33248 33249 30888 33250 27041 33251 33252 33253 33254 33255 33256 
6081 12
34413 34415 34416 34417 34418 23793 33314 34419 34420 5545 17099 34421 
6278 12
35279 33880 35280 1561 16253 35281 35282 35283 35284 35285 10438 35286 
6356 12
35622 35623 35624 22439 35625 35626 35627 35628 24028 14608 28769 27510 
6521 12
36357 36360 36361 29618 20303 17564 36362 36363 1737 36364 36365 36366 
6865 12
37895 37897 37898 37899 37900 37901 37902 37903 37904 37905 11781 37906 
7043 12
38693 38695 38696 10686 28738 38697 25362 38698 38699 38700 2143 38701 
7489 12
40520 40522 38324 32312 40523 40524 40525 40526 40527 1584 40528 13534 
7763 12
41632 28465 28189 41633 12373 41634 41635 41636 41637 29262 39253 20504 
7797 12
41756 41759 15844 31584 41760 41761 32949 14900 8551 33089 41762 41763 
7951 12
42375 42378 14521 2087 25 42379 42380 23985 35805 30703 42381 42382 
8058 12
42822 40935 22781 39575 42823 42824 40239 42825 26326 30857 20816 42826 
8085 12
42917 42919 42920 42921 42922 4120 42923 9902 2946 42924 42925 42926 
8146 12
43171 43172 43173 39985 43174 43175 3187 43176 22495 37813 25880 43177 
8201 12
43381 43384 43385 18704 18071 43386 43387 43388 40214 19612 43389 43390 
8561 12
44776 38390 1715 41472 44779 44780 44781 44782 44783 44784 44785 36854 
8588 12
44882 35056 44620 44883 41682 25686 13507 33060 44884 44885 44886 44887 
8679 12
45220 42072 45222 30550 8741 45223 45224 14140 45225 8882 42107 23725 
9003 12
46430 46432 12353 46433 46434 32235 46435 46436 35217 4524 46437 46438 
9073 12
46685 36240 19740 33913 38531 46493 46687 21578 46688 20877 40680 26442 
9137 12
46906 35817 46908 5551 46909 46910 30216 16683 24071 46911 46912 17244 
9141 12
46919 37319 45726 18420 31665 46922 38300 46923 18823 17352 33731 3336 
9142 12
46924 46925 46926 46927 46928 46929 46930 26428 28468 46931 46932 36721 
9395 12
47808 47811 3120 47812 20982 28021 47797 18892 47813 47814 47815 16805 
9422 12
47909 44327 47910 47911 37886 7305 47912 47913 47914 47915 36267 47916 
9555 12
48363 9156 48364 48365 48366 13153 16705 48367 48368 47959 29584 23418 
9604 12
48533 48534 48535 48536 10943 29619 41786 23940 2582 5931 48537 48538 
9642 12
48665 15726 40436 40787 48666 16541 48667 48668 48669 14450 11838 48670 
9713 12
48900 48902 18326 48903 4269 18718 48904 12846 24497 48905 38538 11851 
9740 12
49003 40117 49004 45274 49005 49006 37811 49007 8467 16261 31547 216 
9810 12
49223 49224 28675 49225 18885 11365 8678 7508 12232 1681 49226 49227 
10048 12
50012 34613 50013 35558 31006 27161 50014 50015 12557 50016 49619 50017 
10100 12
50183 50184 28624 9785 17454 13094 17329 4340 50185 50186 28308 50187 
10158 12
50383 50384 50385 50386 8082 50387 27819 50388 50389 30051 50390 9499 
10224 12
50594 30602 50595 11543 50596 31311 50597 3256 47302 49031 26518 2934 
10380 12
51099 26812 6886 31492 51100 51101 6070 16025 40469 19703 4671 10057 
10452 12
51355 18569 39196 27546 51356 51357 39850 21679 29368 39536 18588 48054 
10611 12
51878 29044 51880 3488 51881 1509 18532 22994 45612 38423 51882 51883 
10615 12
51892 9082 51893 51894 23651 51895 51896 29560 51897 51898 51899 51900 
10894 12
52757 52758 52759 26303 52760 52761 52762 37954 52763 35285 52764 43910 
10935 12
52894 15762 26456 4365 52896 6867 52897 52898 52899 23694 28630 7025 
11033 12
53187 53189 38467 19522 23003 21225 32917 45849 53190 15777 48558 52733 
11255 12
53872 5151 3912 53873 53874 52544 53875 53876 4878 14180 53877 53878 
11339 12
54114 54117 24106 16022 1015 54118 54119 54120 50669 24472 17084 54121 
11523 12
54662 1338 12619 54253 54664 54665 54666 46676 50457 46260 26471 54667 
11703 12
55159 55161 31245 55162 55163 13556 55164 55165 34861 50935 55166 1653 
11716 12
55197 5122 40316 55198 25011 8273 6086 55199 15674 38544 53047 55200 
12064 12
56171 22509 1384 56172 56173 33167 53912 56174 25180 2682 21681 56175 
12588 12
57557 29527 57558 48840 44485 34349 55846 57559 27614 57560 57561 57562 
12689 12
57808 57809 37301 57810 31982 17683 57811 57812 57813 43469 27093 57814 
12944 12
58435 42789 20890 48041 30427 42777 11873 8268 57593 28472 31935 30830 
13280 12
59285 17291 52626 41975 32794 45316 59286 49457 36200 44563 59287 4291 
13375 12
59527 59530 36930 58087 59211 1394 59531 50666 30856 41637 58908 16346 
13413 12
59623 59624 14513 8027 44994 54359 59625 41163 39092 59626 13342 32047 
13448 12
59712 51209 23629 59713 24591 18503 59033 35363 11747 215 17867 40089 
13450 12
59714 25960 59715 59716 59717 38913 59718 17765 33496 37567 16202 59719 
13683 12
60283 60284 60285 23061 48566 60286 9726 41009 57423 41087 39117 60287 
13989 12
60974 36817 17686 45668 60976 35781 54426 41057 20552 24973 52679 60977 
14110 12
61251 59789 35658 41458 61252 58810 61253 35351 4233 30630 61254 53656 
14142 12
61322 54721 31441 11722 55878 61323 52129 58930 61324 15634 61325 18233 
14240 12
61522 33606 61523 60972 61524 1743 61525 17990 56737 35874 61526 39738 
14248 12
61542 61543 52263 28151 61544 31707 50059 37627 60364 61545 61546 61547 
14353 12
61777 30565 15202 57488 61779 5814 61780 29690 55658 45763 41011 57781 
14518 12
62163 51903 27368 6865 25332 46909 39919 62164 62165 11684 62166 34371 
14597 12
62343 40087 60503 9448 31716 62345 12525 46367 36284 11396 25571 22413 
14607 12
62371 21389 15475 62372 16205 57675 12374 45035 8044 53392 62373 62374 
14763 12
62713 58445 62714 57961 19505 9054 44271 14184 8861 59045 2315 62715 
14801 12
62788 62789 6516 62790 26894 54444 62791 22277 3263 62792 25880 30198 
14865 12
62934 15130 44551 308 4803 28026 23693 62936 61089 58563 62937 16167 
14934 12
63079 56216 26673 53819 60700 5867 63080 63081 1389 54876 24161 29737 
14956 12
63132 63133 54578 34141 37107 47455 55615 48909 23624 63134 24797 4664 
15211 12
63649 63651 50348 36489 26394 3783 61525 15265 39295 63652 57651 63653 
15238 12
63708 52480 63709 9277 63710 41485 61112 39433 63711 3355 63712 63713 
15588 12
64438 18451 64439 11759 4653 64440 36205 64441 48298 55545 43084 64191 
15723 12
64703 27566 60860 48111 64705 33299 44342 57819 45702 8552 64706 52336 
15876 12
64987 53567 60795 64988 63746 33299 16065 49459 38820 47907 44235 39377 
15936 12
65098 61560 40051 31754 58247 50347 1100 44451 55549 25396 35360 65099 
16444 12
66064 60284 4161 57915 62087 58096 20840 43074 50913 66065 59289 52289 
16535 12
66239 5285 31433 37560 20117 54164 58230 12706 34365 66240 66241 25067 
16595 12
66340 60000 19857 11413 18351 7380 53781 23180 41660 66341 59842 66342 
16625 12
66393 31004 56100 11952 52114 66394 50375 66395 22317 66396 56815 65275 
16649 12
66434 66435 45493 61944 66436 66437 49661 63673 24274 56287 41784 22886 
16694 12
66521 66522 66523 60027 61680 65822 309 53748 65429 43726 64925 49397 
16697 12
66525 45708 65453 66527 22836 66528 27336 42804 36432 66529 56748 22352 
16726 12
66579 18372 66580 40823 3040 907 13188 2406 66581 27163 3895 8927 
16793 12
66681 1419 4748 66682 2972 26581 1225 20670 62272 66683 30648 18825 
16956 12
66929 52096 27442 15004 66930 45167 27736 54760 17971 574 66931 38006 
16958 12
66932 46098 43606 10219 953 66933 29613 57390 53590 10515 66934 724 
17008 12
67012 55671 67013 1742 35475 9672 28687 16618 62501 67014 67015 67016 
17177 12
67290 59491 12163 50833 49144 64898 51030 36735 66808 46495 67291 1295 
17291 12
67461 35562 67463 67464 12091 57546 16266 52458 55518 67465 51428 4471 
17298 12
67474 30273 61901 66674 29590 16857 11514 28106 67475 39226 10993 42270 
17323 12
67506 10541 17104 5649 33146 27794 49080 54971 39886 67508 49242 17603 
17347 12
67546 45077 26794 65551 27925 67547 60549 67548 45166 67549 64346 6514 
17392 12
67614 3954 15020 25399 46239 8061 59878 43513 50131 50763 37130 33664 
17605 12
67940 63949 23815 26752 67610 45517 47710 67501 67942 67943 67944 32405 
17607 12
67945 56216 20827 61879 67946 58363 22343 41823 56796 29679 33231 5337 
18106 12
68702 29392 47339 57703 29865 19613 54262 19717 23266 41565 32899 68703 
18486 12
69242 20891 4681 66130 46732 40334 68295 69243 30629 35598 69244 792 
18489 12
69245 39448 69246 131 1208 56181 61345 67179 69247 44301 40938 971 
18654 12
69478 43463 66415 35513 49733 56325 34068 48631 50040 11198 5627 36260 
18893 12
69783 38560 69785 69786 42753 21194 69787 49970 21121 51000 68394 13714 
19133 12
70133 70134 49241 18303 10291 54108 9527 58554 61430 70135 24391 55413 
19185 12
70209 3331 44579 70210 26731 30791 3764 70211 52852 7740 65413 61431 
19246 12
70288 6219 18069 61783 43028 70289 53667 64564 12869 25008 60924 47478 
19364 12
70413 28826 8546 58182 68268 70414 65198 20898 65393 18977 11563 54230 
19502 12
70587 64700 59533 4598 53992 47005 70588 328 65568 54756 15106 64055 
19938 12
71126 16894 32381 43970 41146 71127 33143 15032 48210 27887 30608 15446 
20099 12
71312 32286 17146 64986 71313 67161 70494 31409 59330 46540 37302 48154 
20100 12
71314 59100 20279 68670 71315 33465 71316 54643 12330 21386 68184 58877 
20429 12
71685 21589 50149 20154 6856 33290 64070 66792 51777 4355 60837 55056 
20450 12
71709 33192 12506 67393 17023 21982 66098 41450 71710 23458 2351 26187 
20487 12
71755 47442 35437 71756 60441 30567 40293 23203 71757 51451 58214 53178 
20608 12
71897 64387 71898 69643 58489 23726 19953 47072 26398 21555 34632 3805 
20627 12
71915 44649 34588 48423 121 34686 53876 54163 55260 8694 71917 2860 
20778 12
72095 70059 43593 58164 11202 50800 7681 28843 25460 68185 15552 60251 
20854 12
72177 7893 59324 63896 72178 41618 72055 70613 56182 31073 14281 53728 
20988 12
72317 34795 42765 47294 13710 29881 18672 30780 46329 60004 56576 8193 
21183 12
72534 12383 53806 38475 4514 29657 28635 49471 35320 70776 67726 19030 
21295 12
72654 4320 7522 7908 63312 28109 3295 57417 72655 71828 14282 71472 
21307 12
72664 67241 13248 26684 11085 72155 48982 17236 13954 43898 7480 70196 
21376 12
72738 12283 57828 17092 72739 46971 35755 34925 41943 16579 37522 10987 
21559 12
72940 55661 65577 72941 71344 28801 22425 41702 58616 20801 63304 14499 
21563 12
72944 57271 63809 37250 62996 60037 47097 11859 31933 48674 33152 62655 
21959 12
73344 73345 6712 73346 37242 63201 72964 54299 12521 4739 71000 37268 
22006 12
73394 63651 10318 52686 23895 32707 68807 61836 59957 7232 228 13851 
22048 12
73438 22376 73439 38690 35708 70733 30460 14606 31844 30530 66991 66201 
22090 12
73481 59836 62622 73482 73483 20593 7948 54397 18803 47283 55046 24611 
22324 12
73711 54153 73562 58123 51594 72671 46462 57929 36994 70219 68011 47937 
22656 12
74011 54352 74012 74013 55919 70452 44863 10737 54324 53018 47701 35375 
22679 12
74028 13576 14779 4924 66671 49139 33710 66705 26385 22969 47613 7715 
22715 12
74058 1614 48119 69263 18836 45761 16950 55064 54056 5546 63342 59685 
22724 12
74065 74066 56467 56104 51719 15430 60139 2062 29080 30196 9516 57706 
22928 12
74247 8831 36996 5637 34167 2366 30891 74248 70268 37522 69586 74249 
23020 12
74328 47663 11769 32726 72888 1386 25846 43536 59544 20309 22805 25305 
23061 12
74363 66836 51258 59078 74364 64908 71296 62025 2700 14425 13052 34040 
23086 12
74386 62646 4769 2113 31048 47169 40356 13526 61179 34238 62053 74387 
23109 12
74401 74402 74403 20318 45811 61659 18222 19264 37441 72844 29172 39434 
23510 12
74714 71726 37437 56235 39410 74219 68262 29860 7367 74715 63888 20068 
23543 12
74740 16491 59927 34881 63942 71811 56480 21278 60869 21548 6705 74741 
23610 12
74786 8337 1271 3175 55720 24458 34572 30769 62927 67997 54842 68163 
23697 12
74866 10547 43306 74535 31826 33111 67171 74867 34558 43929 68019 50498 
24072 12
75146 30779 7599 43539 42447 41303 43776 75147 26088 23231 56053 45986 
24601 12
75525 65687 4626 55843 69567 39755 28365 41902 35228 73021 43772 18019 
24806 12
75666 60022 30773 36931 51616 45089 72453 61828 51376 66043 47801 12208 
24825 12
75678 26405 36964 25313 1218 6274 35944 41636 192 62150 44956 69989 
24898 12
75730 35829 67621 37898 73787 634 46836 46654 39441 69338 54851 65867 
25451 12
76110 12749 41951 16817 32694 38462 32177 9961 25507 74649 47107 4741 
25959 12
76432 37623 24614 49256 70500 36304 39412 76433 18508 3587 39716 35235 
25982 12
76446 57393 73800 72324 45158 27495 16311 44278 41281 41770 39698 44209 
26045 12
76485 21134 75910 55370 56713 52317 76486 1022 70375 30806 9597 5407 
26210 12
76587 32591 17435 23786 67219 24332 5671 72044 21544 72997 12522 62907 
26395 12
76694 72783 76695 31816 32042 7339 55425 53446 47314 32925 28385 70743 
26583 12
76802 70189 22846 72064 24271 70548 33280 62743 54513 28023 69363 15321 
26865 12
76965 63999 11854 65484 4044 38521 58376 64574 69023 3911 57575 53227 
26984 12
77039 18884 30489 4619 52082 52791 11652 69642 68085 62517 32847 34573 
27019 12
77058 51609 57951 53082 8785 63398 35233 41170 45965 61244 53364 63712 
27092 12
77099 21030 63941 55889 67888 73483 6188 3124 20541 53492 20436 66665 
27135 12
77120 63084 71490 46443 51698 54684 42968 24204 24274 63374 42893 71525 
27428 12
77282 33927 58679 25802 75541 20655 62805 75950 71494 66308 36775 47993 
27597 12
77374 72438 65655 32817 52544 44878 73280 30464 74117 43111 49644 6656 
27627 12
77392 55161 64201 6187 27268 29550 51371 2360 48126 65530 72411 72949 
27812 12
77489 57280 73357 9652 59486 39728 57287 28507 67031 61477 26067 60535 
27857 12
77512 68627 36144 37485 25336 73095 27315 51309 58523 50431 1348 71191 
27898 12
77535 55240 72604 42829 58697 63710 71399 54033 20074 63535 53279 49167 
27925 12
77548 72609 67197 38899 69670 28388 6818 68322 57928 70725 34270 21629 
28332 12
77759 26421 48237 58325 21822 38670 31214 56371 32502 27340 77177 3877 
28412 12
77799 9384 31743 34072 45967 36946 69576 30563 28968 35868 64622 68091 
28658 12
77926 57976 14779 75500 66381 44816 2657 65128 3780 77927 19898 25286 
28670 12
77933 45481 17466 43089 31918 58449 50981 66246 68380 14081 70791 52960 
28753 12
77975 13879 38206 9332 5813 63166 38060 23831 41204 18164 77360 53458 
28813 12
78005 40005 39979 44388 36928 18871 20693 6315 69927 63641 28960 55646 
28975 12
78086 74164 36851 67051 5099 34946 53286 22458 28131 28012 73302 39956 
29011 12
78104 58668 66632 32870 70544 28318 28403 66757 75281 67943 36869 75987 
29098 12
78148 75382 9717 68472 67951 18110 21130 23659 69038 2715 44929 16761 
29210 12
78204 9586 56091 63084 72898 70789 46539 17339 66229 68748 39901 55550 
29412 12
78306 57754 33972 14337 33868 72249 26185 21131 47891 40674 50223 54059 
29976 12
78588 53520 37962 71162 24401 16132 61530 71258 14540 22716 17471 19823 
29982 12
78591 5914 61100 66081 44769 35487 36917 3125 8255 48029 43343 40262 
6 11
42 43 44 45 46 47 48 49 50 51 52 
135 11
916 920 921 922 923 924 925 926 927 928 929 
194 11
1323 1324 1325 1326 1327 1328 1329 1330 1331 1332 1333 
241 11
1633 1636 1637 1638 1639 1640 1641 1642 1643 1644 1645 
267 11
1809 1812 1813 1814 1815 1816 1817 1818 1819 1820 1821 
283 11
1917 1921 1922 1923 1924 1925 1926 1927 1928 1929 1930 
353 11
2382 2386 2387 2388 2389 2390 2391 2392 2393 2394 2395 
379 11
2557 2561 2562 2563 2564 2565 2566 2567 2568 2569 2570 
401 11
2703 2706 2707 2708 2709 2710 2711 2712 2713 2714 2715 
438 11
2956 2957 2958 2959 2960 2961 2962 2963 2964 2965 2966 
457 11
3077 3080 3081 3082 3083 3084 3085 3086 3087 3088 3089 
460 11
3104 3105 3106 3107 3108 3109 3110 3111 3112 3113 3114 
502 11
3382 3383 3384 3385 3386 3387 3388 3389 3390 3391 3392 
517 11
3470 3474 3475 3476 3477 3478 3479 3480 3481 3482 3483 
554 11
3723 3724 3725 3726 3727 3728 635 3729 3730 3731 3732 
661 11
4425 4429 4430 4431 4432 4433 4434 4435 4436 4437 4438 
682 11
4569 4570 4571 4572 4573 4574 4575 4576 4577 4578 4579 
698 11
4678 4679 4680 4681 4682 4683 4684 4685 4686 4687 4688 
714 11
4787 4788 4789 4790 4791 4792 4793 4794 4795 4796 4797 
818 11
5455 5456 5457 5458 5459 5460 5461 5462 5463 5464 5465 
831 11
5535 5538 5539 5540 5541 5542 5543 5544 5545 5546 4105 
836 11
5574 5575 5576 5577 5578 5579 5580 5581 5582 5583 5584 
865 11
5759 2531 5763 5764 5765 5766 5767 5768 5769 5770 5771 
866 11
5772 5773 5774 5775 5776 5777 5778 5779 5780 5781 3309 
906 11
6041 6042 6043 6044 6045 6046 6047 6048 6049 6050 6051 
928 11
6184 6185 6186 6187 6188 6189 6190 6191 6192 6193 6194 
992 11
6607 6608 6609 6610 6611 6612 6613 6614 6615 6616 6617 
1019 11
6775 6779 6780 6781 6782 6783 6784 6785 6786 6787 2288 
1142 11
7574 7575 7576 7577 2685 7578 7579 7580 7581 7582 7583 
1177 11
7789 7793 7794 7795 7796 7797 7798 7799 7800 7801 7802 
1194 11
7906 7907 7908 7909 7910 7911 7912 7913 7914 7915 7916 
1207 11
7981 625 7985 7986 7987 7988 7989 7990 7991 7992 7993 
1218 11
8058 8059 8060 8061 8062 1273 8063 867 7374 8064 8065 
1226 11
8105 8106 8107 8108 8109 8110 8111 8112 8113 8114 8115 
1254 11
8283 8284 8285 8286 8287 8288 8289 8290 8291 8292 8293 
1321 11
8712 8715 8716 8717 8718 8719 8720 6436 8721 8722 8723 
1366 11
9000 9001 9002 9003 9004 9005 4993 9006 9007 9008 9009 
1386 11
9128 9129 9130 9131 9132 9133 9134 9135 9136 9137 9138 
1391 11
9152 9156 9157 9158 9159 9160 9161 9162 9163 9164 9165 
1441 11
9466 9470 9471 543 9472 9473 9474 9475 9476 9477 9478 
1443 11
9479 2071 9482 9483 9484 9485 9486 9487 9488 9489 4074 
1468 11
9641 9642 9643 9644 9645 9646 9647 9648 8710 9649 9650 
1500 11
9842 9843 9844 9845 9846 9847 9848 9849 9850 9851 9852 
1508 11
9893 9894 9895 9896 9897 5451 9898 9899 9900 9901 6032 
1624 11
10593 10594 10595 10596 10597 10598 700 10599 10600 10601 10602 
1652 11
10771 10772 10773 9206 10774 6681 10775 10776 10777 7155 10778 
1675 11
10907 10910 10911 7195 10912 7036 10913 8256 10914 10915 10916 
1686 11
10977 5569 10978 10979 10980 10981 10982 10983 10984 10985 8374 
1727 11
11227 3252 10747 11229 11230 1449 11231 11232 11233 11234 11235 
1766 11
11468 11469 11470 11471 11472 11473 11474 1866 11475 11476 11477 
1772 11
11505 4876 11506 11507 11508 11509 11510 11511 11512 11513 2524 
1806 11
11710 1364 9957 11711 11712 11713 11714 11439 11715 11716 11717 
1845 11
11937 11941 11942 11943 11944 8824 11945 11946 11947 11948 7609 
1850 11
11976 11977 11978 11979 11980 11981 11982 4197 11983 11984 11985 
1900 11
12282 12283 12284 12285 12286 12287 12288 12289 12290 12291 12292 
1937 11
12503 12506 12507 12508 12509 12510 12511 12512 12513 12514 12515 
1961 11
12651 12654 12655 12656 12657 12658 3018 12659 12660 12661 12662 
1966 11
12686 12687 6982 12688 12689 12690 12691 12692 12693 2408 12694 
1978 11
12760 11827 12761 12762 12763 12764 12765 12766 12767 12768 12769 
2033 11
13080 13082 13083 13084 13085 13086 13087 13088 4252 13089 13090 
2103 11
13497 13501 13502 13503 13504 13505 13506 13507 13508 10845 3710 
2121 11
13599 13603 13604 13605 13606 13607 13608 13609 13610 13611 13612 
2175 11
13914 13917 13918 13919 13920 13921 1103 1104 13922 13923 13924 
2278 11
14541 1243 14542 14543 12022 14544 175 14545 7897 8979 14546 
2299 11
14656 10918 14660 14661 14662 14663 10485 14664 14665 14666 14667 
2316 11
14765 2707 14766 14767 14768 14769 14770 14771 14772 14773 14774 
2335 11
14877 14880 14881 14882 14824 14883 12833 14884 14885 14886 14887 
2356 11
15010 15011 15012 15013 15014 15015 15016 15017 15018 15019 8856 
2373 11
15107 15110 15111 14051 9372 15112 15113 15114 15115 15116 15117 
2472 11
15712 15713 15714 15715 940 15716 15717 15718 15719 15720 15721 
2474 11
15725 15726 15727 15728 15729 15730 15731 15732 13027 15733 15734 
2577 11
16314 16318 16319 16320 16321 16322 16323 16324 5336 16325 16326 
2637 11
16657 16661 16662 16663 8633 1517 3101 2825 16664 16665 12054 
2652 11
16743 16744 16745 16746 16747 16748 16749 14474 16750 16751 7879 
2658 11
16779 16780 16781 16782 16783 16784 16785 16656 16786 10690 16787 
2675 11
16871 16874 16875 16876 16877 16878 6539 16879 13558 16880 16881 
2772 11
17440 17441 17442 17443 17444 17445 17446 17447 17448 17449 17450 
2774 11
17453 12153 17454 17455 17456 17457 17458 17459 17460 17461 5019 
2781 11
17486 17490 5237 17491 17492 17493 17494 17495 17496 17497 17498 
2804 11
17618 17619 13179 17620 17621 17622 11847 17623 17624 17625 17626 
2830 11
17766 17767 17768 13003 16445 17769 17770 17771 17772 17773 8485 
2896 11
18135 18136 18137 18138 18139 18140 18141 5221 18142 18143 18144 
2982 11
18628 18629 18630 18631 8589 18632 18633 18634 18635 18636 18637 
3100 11
19295 19296 17918 19297 19298 7478 19299 11765 19300 19301 19302 
3270 11
20241 11302 20242 20243 12756 4115 20244 20245 20246 20247 20248 
3341 11
20620 20623 20624 104 20625 20626 20627 20628 20629 20630 20631 
3361 11
20732 3351 20735 20736 20737 20738 20739 20740 20741 20742 20743 
3424 11
21086 21087 21088 21089 21090 21091 21092 21093 21094 18733 21095 
3427 11
21099 21103 21104 21105 21106 21107 21108 21109 1052 21110 21111 
3454 11
21252 1788 21253 21254 21255 21256 2073 13650 15494 21257 21258 
3470 11
21344 21345 21346 21347 21348 21349 21350 7198 10671 21351 21352 
3505 11
21528 21531 21532 21533 21534 21535 21536 21537 21538 21539 21540 
3514 11
21579 21580 21581 21582 21583 21584 21585 21586 21587 21588 19023 
3545 11
21743 21747 21748 21749 21506 12091 21750 10054 21751 21752 21753 
3593 11
21998 12176 22002 22003 22004 22005 22006 963 22007 14780 5217 
3600 11
22043 22044 22045 22046 22047 7268 22048 22049 22050 22051 22052 
3609 11
22088 22091 16011 22092 22093 22094 22095 22096 22097 22098 22099 
3656 11
22346 12222 17870 22347 22348 5902 22349 22350 22351 4153 22352 
3673 11
22432 22436 22437 22438 22439 10036 22440 22441 22442 22443 22444 
3680 11
22478 9445 22479 5684 22480 22481 22482 22483 22484 22485 22486 
3702 11
22605 22606 3677 22607 22608 22609 11714 22610 22611 6991 22612 
3725 11
22720 22724 22725 15226 21105 22726 22727 22728 4982 13477 22729 
3738 11
22798 22799 22800 22801 12567 22802 9104 22803 22804 22805 22806 
3817 11
23218 23221 23222 2135 23223 23224 23225 413 6762 23226 23227 
3851 11
23391 9337 23394 23395 20234 23396 23397 23398 23399 23400 23401 
3946 11
23898 11933 23899 15401 23900 22759 23901 23902 23903 23904 23905 
3992 11
24133 218 24134 19975 24135 24136 24137 15459 24138 24139 24140 
4001 11
24176 24177 24178 24179 24180 7507 24181 24182 24183 24184 24185 
4011 11
24231 24235 24236 24237 294 24238 14025 22253 24239 19942 24240 
4037 11
24361 24362 24363 24364 24365 24366 24367 24368 24369 24370 10050 
4043 11
24390 16874 24392 13034 24393 24394 24395 24396 24397 24398 5259 
4072 11
24561 24562 24563 17826 20728 24564 24565 24566 24567 10697 24568 
4078 11
24590 3636 24591 24592 24593 4729 24594 24595 24596 24597 3732 
4105 11
24732 18325 3100 24734 24735 24736 11657 380 24737 12769 24738 
4124 11
24837 24838 23579 24839 4508 14178 24840 24841 24842 21300 3574 
4164 11
25040 25041 15271 4286 25042 25043 2100 25044 25045 25046 3823 
4169 11
25056 14963 25058 25059 25060 25061 25062 22988 22839 25063 22119 
4241 11
25423 25427 13583 25428 25429 2312 8913 25430 25431 25432 25433 
4259 11
25519 18812 25522 3539 14768 25523 25524 25525 25526 25527 25528 
4263 11
25538 16460 25541 12607 21933 11263 25542 25543 25544 25545 25546 
4293 11
25690 25693 25694 20654 25695 25442 25696 13707 25697 25698 10729 
4298 11
25717 25718 25719 21325 6084 14670 25720 25721 25722 25723 25724 
4350 11
25981 25982 18001 15891 1049 25983 25984 25985 25986 25987 18955 
4367 11
26075 6573 26078 26079 26080 26081 26082 24733 26083 26084 13851 
4397 11
26236 26239 26240 16654 4422 26241 26242 26243 26244 26245 26246 
4423 11
26376 26380 20323 26381 26382 26383 26384 26385 26386 26387 2866 
4425 11
26388 26391 26392 26393 26394 26395 26396 26397 26398 26399 26400 
4602 11
27281 11969 27282 13906 27283 27284 27285 27286 7368 27287 27288 
4659 11
27574 27577 27578 27579 27580 27581 1726 27582 27583 27584 27585 
4691 11
27742 27744 626 27745 27746 27747 27748 27749 27750 27751 27752 
4730 11
27928 2930 27929 16962 27930 27931 13243 19886 27932 27933 27934 
4805 11
28277 28281 28282 28283 28284 28285 28286 28287 4063 28288 28289 
4823 11
28369 28372 21078 28373 13110 28374 28375 28376 28377 28378 28379 
4833 11
28422 6060 28424 21641 20440 22451 17169 15882 3735 28425 10642 
4849 11
28492 28495 15347 5657 14096 28496 28497 7948 22080 28498 28499 
4876 11
28622 28623 28624 28625 28626 28627 28628 28629 28630 28631 28632 
4881 11
28649 28650 28651 28652 28653 28654 28655 28656 20945 28657 9036 
4917 11
28832 28833 28834 28835 10363 28836 28837 21649 28838 28839 28840 
5039 11
29432 29436 29437 6478 29438 29439 29440 29441 29442 29443 29444 
5049 11
29488 22376 29492 20653 25685 29493 29494 29495 29496 4824 8927 
5073 11
29612 29615 29616 29617 29618 29619 28640 29620 29621 29622 29623 
5076 11
29634 15999 29635 29636 27050 29637 27293 29638 29639 26175 29640 
5081 11
29652 28269 22933 29656 29657 28253 25405 29658 11974 29659 29660 
5137 11
29939 8929 22817 26589 29943 29944 13396 29945 29946 29947 18323 
5168 11
30095 30096 14347 30097 30098 11785 30099 14279 30100 6910 2893 
5178 11
30138 30139 30140 30141 30142 30143 30144 13292 5283 30145 30146 
5228 11
30374 30375 30376 30377 22498 30378 30379 30380 19415 3886 30381 
5282 11
30650 30651 12429 30652 30653 2284 30249 381 18617 30654 30655 
5322 11
30843 14238 4591 8391 27727 30844 7120 30845 26384 30846 30847 
5349 11
30963 30967 30968 14721 30969 30970 30971 30972 30973 30974 23308 
5386 11
31156 21345 31157 31158 31159 31160 31161 31162 31163 31164 30649 
5394 11
31193 31194 27700 31195 31196 17924 16344 31197 9086 31198 31199 
5402 11
31230 31231 31232 29744 31233 12977 22096 31234 31235 31236 14563 
5417 11
31289 31293 31294 31295 24004 31296 15184 27159 27904 31297 31298 
5456 11
31490 20581 31491 31492 31493 31494 31495 31496 31497 31498 31499 
5502 11
31698 31699 31700 15977 31701 31702 31703 31704 31705 31706 13254 
5623 11
32262 32265 32266 32267 32268 32269 1114 32270 32271 32272 32273 
5626 11
32285 32286 32287 32288 32289 32290 32291 32292 32293 32294 28898 
5633 11
32317 16607 32321 26717 32322 32323 32324 14547 32325 20741 32326 
5656 11
32438 30560 32439 19636 9372 1016 32440 32441 32442 32443 32444 
5675 11
32523 32524 32525 31579 12166 32526 32527 32528 32529 32530 32531 
5690 11
32606 15914 32607 32608 2079 32609 32610 32611 17305 32612 32613 
5801 11
33109 33113 30532 33114 33115 29918 33116 33117 33118 33119 25463 
5867 11
33421 33425 12992 33426 33427 15312 16872 5304 33428 33429 33430 
5875 11
33461 33463 33464 29386 33465 33466 33467 1961 28355 33468 33469 
5912 11
33647 19577 33648 33649 33650 25184 14001 20713 20837 3277 18437 
5916 11
33665 33666 15400 8905 33667 33668 6036 33669 3983 33670 26472 
6037 11
34218 30603 34221 34222 34223 33918 34224 34225 4920 34226 32249 
6064 11
34339 34340 34341 34342 34343 34344 34345 34346 34347 31188 34348 
6099 11
34494 20377 30511 34497 34498 34499 34500 26469 16814 9603 34501 
6103 11
34512 9491 34516 30919 34517 34518 34519 34520 34521 34522 34523 
6181 11
34859 18559 34862 27032 34863 34864 21046 34865 27043 10102 16453 
6182 11
34866 21001 34272 17481 34867 27819 34868 15332 34869 34870 34871 
6203 11
34953 34956 21605 34957 34958 10576 17231 6255 34959 11824 34960 
6213 11
34992 34994 32226 34945 33785 34995 23474 34996 34997 22979 34998 
6224 11
35042 35043 2787 35044 7614 35045 35046 15533 35047 35048 35049 
6234 11
35088 35089 35090 29968 35091 12834 35092 35093 35094 35095 35096 
6299 11
35365 35369 35370 35371 34536 29017 35372 35373 32415 35374 35375 
6302 11
35385 35386 7460 35387 35388 30745 14889 35389 29321 35390 35391 
6309 11
35417 35419 35420 35421 35422 35423 35424 35425 35426 13398 30444 
6368 11
35672 35673 35674 35675 7606 21507 35676 35677 20979 35678 35679 
6378 11
35719 35720 32539 27231 35721 35722 35723 35724 23524 9550 35725 
6452 11
36048 36049 13896 36050 36051 15205 32019 36052 36053 12805 36054 
6463 11
36090 36094 36095 13675 33279 11190 20453 27175 1627 23538 36096 
6473 11
36139 15822 36143 36144 36145 22136 33890 13540 31604 36146 13797 
6485 11
36188 36191 7542 36192 36193 36194 19455 36195 24737 36196 36197 
6587 11
36656 36659 36660 36661 6045 24690 13561 34576 18091 4578 36662 
6608 11
36746 36747 13284 36748 36749 36750 36751 36752 36753 36754 36755 
6615 11
36773 36776 36777 36778 36779 15880 3908 18593 36780 36781 36782 
6617 11
36783 36784 28211 36785 24338 36786 36787 20039 24953 255 36788 
6629 11
36831 36834 36835 13705 36836 2830 20324 34325 36837 11957 36838 
6682 11
37071 473 37072 25163 37073 37074 37075 37076 37077 32278 37078 
6700 11
37155 37156 37157 37158 37159 37160 37161 37162 37163 37164 37165 
6750 11
37377 22743 37378 37379 37380 37381 37382 23625 37383 37384 37385 
6836 11
37772 19725 8969 37773 32257 3128 37774 15648 37775 37776 6460 
6842 11
37799 37800 37801 37802 11928 20967 37803 12101 13167 5608 37804 
6851 11
37832 37836 37837 37838 37839 37840 33628 37841 37842 37843 37844 
6899 11
38049 6206 38051 37941 38052 38053 38054 28786 26461 4941 38055 
6907 11
38083 38086 22045 38087 24445 38088 38089 38090 38091 38092 38093 
6910 11
38105 8921 38106 33134 8997 22276 29074 23711 38107 21169 3369 
6929 11
38187 38190 38191 32049 38192 22924 14568 38193 38194 1712 38195 
6971 11
38373 36312 22700 38376 38377 38378 38379 26027 14017 38380 14124 
7002 11
38510 38511 27186 38512 38513 29522 38514 38515 38516 24389 30010 
7037 11
38665 10463 38668 38669 38670 38671 38672 38673 18066 23921 38674 
7040 11
38684 38685 5171 38686 38687 1744 10073 38688 9137 5031 38689 
7100 11
38942 6573 38943 38944 9217 38945 38946 38947 845 27739 38948 
7125 11
39043 39045 39046 10641 39047 39048 39049 3653 21163 39050 39051 
7150 11
39143 22116 27144 39144 39145 39146 39147 38412 30505 39148 39149 
7173 11
39236 39239 39240 36581 20297 26893 16669 23604 33116 2852 39241 
7178 11
39260 39261 35706 13778 29541 30015 13201 39262 8545 39263 39264 
7211 11
39385 5039 39386 19666 39387 39388 6943 39389 39390 39391 8409 
7228 11
39456 26141 33471 39457 39458 38769 27090 39459 5318 21132 10757 
7256 11
39567 35668 30772 39568 39569 1355 39570 38194 39571 14750 22131 
7266 11
39610 39611 39612 39613 39614 39615 21995 39616 39617 39618 7559 
7291 11
39712 19041 4480 21412 39713 19804 30492 39714 39715 39716 39717 
7312 11
39809 39810 39811 39812 12463 39813 39814 6957 39815 16008 15423 
7363 11
40013 39627 36353 40017 18498 40018 39570 40019 24041 40020 17529 
7367 11
40030 40031 40032 40033 40034 28120 40035 9711 27518 40036 34189 
7442 11
40331 40332 40333 22982 40334 21684 40335 40336 40337 28868 35049 
7464 11
40418 40419 36676 40420 18453 25743 40421 40422 40423 40424 33694 
7482 11
40496 26438 38183 40497 35304 15457 40498 8131 40499 40500 40501 
7509 11
40611 40614 23695 24801 5360 40615 9468 24765 40616 40617 33479 
7555 11
40796 40800 32245 40801 11582 40802 36955 40803 40804 3655 40805 
7562 11
40836 40837 32711 40838 40839 23881 20693 6117 27309 34490 40840 
7647 11
41158 41161 19552 41162 35118 10613 41163 36410 37493 4750 17752 
7733 11
41502 2456 16997 41505 41506 41507 32410 41508 41509 21725 38636 
7752 11
41588 41589 14034 41590 29627 41591 41592 41593 9125 10770 9610 
7780 11
41700 16042 41701 16222 31118 29051 18294 41702 41703 29713 23668 
7805 11
41787 41789 41790 41791 41792 41793 41794 41795 41796 21650 41797 
7810 11
41818 41819 41820 12284 41821 41822 14994 41823 6417 38023 37385 
7826 11
41875 11368 41876 41877 28685 15257 41675 41878 5277 41879 41880 
7831 11
41891 24319 41893 8431 41894 41895 22756 41896 29797 16471 41897 
7920 11
42262 42263 42264 17512 42265 42266 19700 42267 42268 42269 42270 
7930 11
42306 33569 42307 42308 42309 37468 27068 9782 6990 42310 40655 
8017 11
42644 42646 42647 42648 28397 38746 20859 38184 33369 42649 38200 
8053 11
42799 40445 42803 37885 33229 1247 2830 42804 42805 42806 42807 
8169 11
43257 43260 40965 43261 43262 43263 31100 43264 43265 43266 3144 
8289 11
43720 43723 41775 43724 2601 42754 24594 43725 43726 43727 43728 
8369 11
44052 44055 44056 44057 44058 44059 44060 44061 43792 35478 40292 
8378 11
44100 9282 44101 44102 44103 44104 44105 5179 37023 5758 10742 
8381 11
44107 44109 27529 44110 44111 44112 6771 38181 44113 2818 44114 
8440 11
44322 22528 22127 21711 44323 29801 44324 44325 41021 44326 27710 
8471 11
44442 16732 44445 27694 19850 44446 30135 17684 25545 40785 16930 
8478 11
44473 44474 38003 44475 44476 44477 44478 44479 38110 30072 44381 
8498 11
44535 44536 44537 44538 44539 44540 44541 44542 14703 44543 26301 
8505 11
44566 44569 44570 44571 44572 18017 44573 44574 28630 37443 44575 
8508 11
44584 39669 29940 44585 44586 44587 40723 44588 44589 44590 44591 
8535 11
44686 44689 44690 44691 44692 19928 16322 19178 35800 39659 19908 
8562 11
44786 42718 44787 44788 13711 44789 7512 44790 21382 44791 44792 
8677 11
45211 28268 45215 45216 17048 25761 45217 45218 9603 45219 27070 
8705 11
45326 45328 23119 36078 45329 1521 45330 4785 45331 20140 11442 
8719 11
45374 39088 45376 45377 12676 45378 45379 28045 7745 9997 20 
8805 11
45703 45704 45705 23613 11702 15556 29867 7444 45706 42492 25274 
8806 11
45707 45708 45709 45710 25203 45711 45712 30501 2126 45713 42916 
8828 11
45782 45783 8740 41165 45784 45785 45786 15946 45787 27843 45788 
8864 11
45910 45911 32188 35176 44815 40761 13626 45912 45913 45914 25406 
8886 11
45993 5110 20457 45994 24271 32421 26669 32101 45995 45996 2240 
8903 11
46060 46063 46064 20220 41627 46065 46066 46067 45389 29545 22632 
8938 11
46191 11749 10175 46192 46193 2114 46194 46195 46196 46197 46198 
8950 11
46238 30949 17095 46239 40255 13450 40937 46240 21300 46241 41946 
8957 11
46258 14998 32998 41877 46261 39818 46262 30861 45172 46263 46264 
8959 11
46265 5603 46267 21879 46268 46269 39102 46270 33205 46271 30631 
8963 11
46279 46283 46284 46285 46286 26278 46287 46288 46289 33895 18660 
9062 11
46640 46641 10746 46642 46643 46644 7250 46645 46646 46647 46648 
9164 11
47002 47003 47004 27335 47005 10280 25920 38062 32349 13689 36763 
9242 11
47279 29524 9052 47280 47281 47282 4446 47283 47284 40785 47285 
9299 11
47481 25267 47483 14413 47484 36953 13352 47485 19640 28515 47486 
9341 11
47630 47632 47633 47634 383 47635 20499 3002 47636 20239 37892 
9343 11
47637 47640 41320 39497 47641 47642 24779 47643 47644 47645 47646 
9374 11
47744 44231 47745 47746 12177 29267 47747 5744 47748 24982 5771 
9463 11
48048 48050 30242 34223 48051 44118 48052 5892 48053 38242 48054 
9468 11
48069 48070 48071 35421 9090 39399 6331 48072 48073 18540 16182 
9478 11
48105 34635 48106 28860 26208 48107 48108 48109 48110 39375 33910 
9482 11
48117 48118 48119 37807 48120 47873 21108 8875 48121 4411 21764 
9500 11
48173 41680 48174 48175 48176 48177 6294 38248 27348 25905 1479 
9513 11
48212 48214 48215 48216 38963 24742 41420 48217 48218 8091 48219 
9556 11
48369 43444 3213 48370 7152 16861 34537 48371 48372 48373 48374 
9565 11
48400 48401 48402 48304 48403 48404 42335 48405 26143 26316 7038 
9632 11
48627 17711 29616 48628 48629 42991 48630 48631 33629 48632 48633 
9687 11
48805 48808 48809 36965 31559 31870 26126 48810 26225 48811 48812 
9695 11
48839 45620 48842 48843 48844 48517 2420 20213 48845 48846 48847 
9763 11
49070 39810 49073 49074 38734 16890 49075 221 49076 49077 40729 
9868 11
49415 31332 49416 35729 21082 49417 32259 33886 40489 49418 37930 
9877 11
49445 49174 49448 24979 11594 49449 49450 49451 49452 27926 49453 
9913 11
49558 49562 49563 1516 49564 49565 49566 11632 8140 21514 46958 
9949 11
49686 19069 38649 49687 2269 49688 47499 5467 4233 49689 49690 
9962 11
49737 38720 26024 4268 49738 1791 6085 49739 29798 21549 17034 
9971 11
49764 49765 25876 10108 49766 49767 49768 45786 49769 49770 49771 
10050 11
50019 36764 38251 1939 50020 12920 32114 41889 50021 21324 50022 
10073 11
50094 50097 29324 35145 6272 50098 26597 50099 49632 27249 23313 
10079 11
50114 50117 50118 7143 49832 24944 50119 22787 50120 35506 50121 
10109 11
50207 1216 20981 50210 50211 50212 50213 50214 15198 12924 47755 
10124 11
50256 50257 31364 50258 39575 3312 50259 28258 47336 19663 50260 
10161 11
50392 28849 50395 50396 50397 50398 50399 50400 20470 45453 40716 
10169 11
50422 50423 37216 44069 27630 4176 39639 50424 22385 38038 50425 
10171 11
50426 50428 33943 14958 50429 34214 27866 50430 50431 50432 50433 
10188 11
50488 18946 50489 19975 50490 7001 50491 50492 50493 50494 32134 
10297 11
50825 50828 4084 50829 25241 49016 7797 50830 50040 42123 39259 
10305 11
50852 44972 50855 50856 50857 46070 50858 50859 5842 39219 3953 
10326 11
50928 50929 17718 50930 45299 50931 50932 595 39247 50933 34105 
10347 11
50991 50993 50994 20206 50995 18267 35335 1358 36603 50996 24140 
10367 11
51050 51053 51054 40119 49507 51055 26137 51056 46722 51057 2089 
10369 11
51058 51061 35857 51062 51063 15293 48027 51064 25148 45004 41200 
10395 11
51149 51153 51154 51155 51156 21362 51157 29534 46883 51158 38506 
10431 11
51283 51284 51285 16597 51286 51287 51288 39491 51289 19537 39470 
10449 11
51341 51344 42499 51345 51346 19128 35595 22917 39536 51347 49771 
10520 11
51572 34416 51573 34088 51574 51575 51576 36278 16538 22788 43163 
10524 11
51584 47142 36169 50565 51585 40733 27438 51586 51587 51588 51589 
10539 11
51634 51637 48115 1682 21488 51638 37852 3543 51639 31893 51640 
10580 11
51771 51772 51773 19488 8557 51774 51775 51776 51777 45085 11461 
10666 11
52050 20609 52051 52052 20442 52053 8031 16730 51074 29927 52054 
10696 11
52142 52143 52144 40065 52145 5022 52146 12483 52147 52148 43390 
10786 11
52418 2979 52419 25146 41911 52420 28017 12071 52421 30974 373 
10805 11
52468 52470 1549 33264 30416 11355 34275 48965 52471 37707 33544 
10829 11
52546 1972 39603 5923 20155 20254 52547 51211 8005 52548 52549 
10833 11
52557 52560 16525 52561 52562 52563 14709 3780 34632 52564 52565 
10903 11
52787 48032 16175 52789 52790 9160 52791 47318 18388 47984 4073 
10981 11
53024 53025 48035 34450 50943 22287 42212 53026 11862 53027 1518 
10985 11
53034 8000 9454 53037 15256 53038 53039 40776 53040 53041 53042 
11041 11
53208 3213 53211 38805 53212 28230 25720 49694 53213 39512 50160 
11057 11
53257 53259 37174 53260 53261 45444 53262 52958 45178 13469 35048 
11058 11
53263 53264 53265 53266 53267 211 52327 49269 53268 46873 53269 
11076 11
53327 29303 53328 1994 53329 18981 34061 38761 49615 53330 48765 
11092 11
53369 40195 53370 32235 53206 14503 53371 53372 13386 33544 49311 
11102 11
53399 43488 53400 22337 11682 51835 38487 5232 48110 35448 5465 
11112 11
53434 53435 53436 53437 53438 42178 30156 53439 42427 53440 17322 
11118 11
53455 30209 51715 2154 4722 44170 16355 53456 22221 53457 53458 
11171 11
53610 53613 34582 41289 53614 53615 10851 53616 53617 15773 53618 
11244 11
53840 39195 31112 33899 15586 43814 22313 9209 53841 53842 53843 
11257 11
53879 35840 13381 53882 53883 16344 53884 13413 53885 45474 31036 
11260 11
53891 53892 10720 16479 53893 42831 20810 53894 32015 46051 32181 
11275 11
53925 53928 2364 50644 21926 53929 53930 4614 38294 52539 9174 
11303 11
54003 48502 40010 54005 41599 32640 35516 19647 7998 54006 27878 
11350 11
54152 54153 12028 54154 47277 49121 10768 34220 54155 40528 20175 
11447 11
54435 32911 19203 30661 1043 54437 20927 19388 42395 54438 54439 
11454 11
54453 31594 54454 30797 54455 54456 32440 52895 14366 54457 549 
11471 11
54500 54503 54504 54505 36381 36818 39200 54506 42655 54507 54508 
11509 11
54627 50847 20916 54629 37152 37998 20935 54630 11862 53695 54631 
11517 11
54649 54650 45243 25385 32660 7463 34432 54651 47400 52044 43071 
11532 11
54685 14223 54686 16927 30723 54687 29892 88 24369 54688 54689 
11565 11
54777 54779 47783 50314 54780 54781 37190 51212 21257 54782 10487 
11614 11
54903 54904 54905 8536 32734 54906 33607 48073 54907 21815 48771 
11625 11
54935 44897 1778 54937 28406 54938 54673 30882 28604 4922 54939 
11629 11
54947 54948 5676 54949 54950 54951 10835 54952 34084 13408 35200 
11671 11
55072 55074 21315 43449 20605 32299 55075 7676 37154 55076 55077 
11675 11
55081 27441 17730 50443 55083 13095 42409 24344 42820 55084 55085 
11699 11
55148 40351 55151 7195 55152 35823 28722 55153 25935 11919 33022 
11706 11
55171 45423 30284 43361 44205 53793 55172 55173 31266 31331 39660 
11720 11
55206 55207 15701 20082 53898 55208 9496 39589 37461 55209 36260 
11744 11
55274 26629 55275 55276 4598 55277 23277 37125 13113 55278 27260 
11767 11
55340 53259 55344 55345 14486 23449 36288 14152 7288 159 55346 
11801 11
55439 55442 55443 5327 28330 31161 55444 51015 55445 55446 17237 
11841 11
55546 5280 40790 26392 55548 17225 10695 55549 51243 55550 8218 
11852 11
55579 55580 55581 55582 55583 19659 17644 24374 55584 31788 35919 
11897 11
55695 28596 51381 53412 55698 55699 18681 55700 22952 50593 48182 
11898 11
55701 55702 48815 55703 55704 21419 3670 55705 55706 36167 55313 
11906 11
55722 28910 55254 55723 27372 38432 43881 1357 55724 643 55725 
11940 11
55827 55828 5820 55829 55830 55831 42768 36340 55832 55833 52377 
11950 11
55851 55852 55853 55854 39877 44413 29203 4809 55855 31069 36032 
11953 11
55857 7790 55859 42198 55860 31094 43441 33822 5188 26971 8889 
11967 11
55897 39045 55899 54525 10662 55900 55901 55902 45286 55903 52462 
11992 11
55963 41721 48779 18536 6533 53861 55964 24261 37857 53162 55965 
12002 11
55989 27963 1311 9554 12127 55990 44684 42924 55991 26920 2630 
12011 11
56014 29376 56017 18835 31785 50316 35670 43844 11343 56018 56019 
12136 11
56354 56355 38460 28778 4526 50163 56356 48707 51110 2805 56357 
12141 11
56364 50018 22068 1569 2910 3299 56366 39070 5697 56367 8889 
12172 11
56447 56448 43935 56449 873 56450 56451 56167 56452 27773 15291 
12197 11
56525 26078 56526 56527 56528 39353 20255 3894 31022 49763 56529 
12298 11
56797 38577 54436 42385 50596 52547 56798 56799 5606 1557 16428 
12345 11
56918 1895 56921 27314 56922 17605 3789 51508 56923 2934 56924 
12357 11
56953 56675 52127 53032 43106 56955 19948 34924 56956 22444 2234 
12364 11
56973 24319 56974 5996 29977 56975 27611 56976 15495 56977 5879 
12381 11
57018 11277 57022 57023 50248 316 57024 53701 27657 8514 56328 
12402 11
57079 57080 23808 57081 50177 57082 23456 40353 31967 18608 44400 
12500 11
57354 46813 57355 57356 30775 42992 57357 57358 57359 23418 7860 
12514 11
57391 27019 31229 18553 34762 48177 45073 48776 37420 57392 16735 
12539 11
57440 57442 29239 34418 57443 10392 56789 57444 18150 24623 57445 
12548 11
57468 52781 44293 42829 50661 16351 57469 57470 53650 22891 54411 
12564 11
57509 21191 6596 32568 45102 57510 31119 47007 41270 48344 57511 
12574 11
57528 45942 35272 9483 42870 44378 17416 35655 26157 57529 7128 
12623 11
57639 9717 2085 31974 57642 57643 57644 37502 17509 54106 27427 
12636 11
57676 39272 53983 25400 17110 23253 7712 37046 47028 36324 55790 
12654 11
57717 4733 5909 28431 36931 57718 57719 57720 57721 57722 19592 
12661 11
57733 28080 57735 26498 57736 42043 57737 6986 35133 25799 57738 
12671 11
57761 38517 12796 3807 13404 51133 57762 57763 22761 57764 49968 
12722 11
57892 17095 26806 35318 57893 29097 57894 43135 13148 20391 12502 
12739 11
57926 45396 9660 35894 55463 57928 57929 43805 52936 23357 31843 
12786 11
58050 2266 57987 55423 58051 57466 17648 18533 58052 58053 19691 
12815 11
58119 1350 58121 58122 58123 43261 31586 722 35844 21247 58124 
12868 11
58243 46786 29369 23177 54244 44855 29300 58244 15146 58245 58032 
12892 11
58308 895 46750 40614 39268 28086 58309 18582 58310 5680 26819 
12904 11
58343 5723 47404 58344 54273 53606 34575 58345 54712 4419 8335 
12948 11
58444 58445 58446 58447 58448 58449 49309 43012 44493 51589 45935 
12959 11
58475 58476 51635 38232 31485 21584 37880 9069 58477 28024 54439 
13003 11
58583 51046 17152 52124 43767 20237 33693 4879 23015 58584 9677 
13039 11
58676 58679 58680 58681 58682 48822 58683 41087 50325 58684 58223 
13041 11
58685 48046 46383 16113 58687 4195 7270 26559 17249 56655 58101 
13083 11
58796 58798 50238 58799 58800 19199 4392 58801 4948 57688 58802 
13116 11
58882 58883 8094 6300 58884 8666 3849 37499 28809 1119 25969 
13193 11
59064 17908 34260 59067 45031 34819 10310 56983 1983 17161 52836 
13200 11
59077 47109 28944 40823 59078 59079 399 59080 7004 59081 59082 
13209 11
59099 22758 59102 6240 40580 59103 23642 59104 28958 11300 59105 
13218 11
59129 26479 15535 59130 59131 52304 59132 48527 35877 30846 39495 
13235 11
59172 54433 59173 24047 10862 21057 23503 55537 44864 17195 14789 
13247 11
59201 59203 42557 59204 24848 4844 53980 59205 48590 3915 44163 
13291 11
59308 24517 20172 24157 59309 59310 2643 13786 59311 59312 16156 
13325 11
59395 56701 1453 26019 52381 32378 56704 25263 35320 59397 59398 
13358 11
59484 58246 28842 24277 56423 43994 2274 56810 24874 8408 13116 
13368 11
59509 59510 51469 59511 59512 49028 59513 11709 23588 51137 13402 
13386 11
59554 59555 699 5119 59556 49981 7017 59557 48594 18014 49857 
13423 11
59645 33168 40141 27621 42102 59647 59648 15101 57427 13873 48896 
13539 11
59926 59928 45016 59929 59930 26663 57245 59931 28912 59932 59933