31
952 199
84663 25600 27672 77415 92113 96580 71219 9060 57118 37985 59574 20989 61684 89153 6750 57955 12635 78960 37243 59485 70340 7686 75950 96787 90808 1890 65610 74439 78966 76620 87574 63178 32782 68839 71421 20746 26161 24240 31152 97782 51707 12467 88163 66005 63709 175 47306 34506 31226 28775 53038 41608 73494 12106 65290 99274 5218 27674 3820 87775 26534 33751 91017 94708 52391 55196 93195 99135 58162 73442 76012 31694 5681 20021 17035 13869 1417 35961 4542 37523 53838 46638 2840 78058 28225 42986 50621 50509 5519 62369 83810 83987 11714 46358 51401 37463 33683 64853 57066 75014 56373 6158 6425 95438 75572 20906 62316 2143 55204 56586 2079 18716 5187 46519 52888 17088 74370 93643 90445 30346 98658 40076 75446 69612 19961 17352 3197 13768 66175 77822 92734 15689 46089 77848 59046 81201 82376 32424 33172 9737 13746 51282 64532 89067 89423 42239 64755 84159 52740 27256 37670 79678 63794 40967 65422 84503 72951 88053 90919 87646 61799 7395 14409 72589 36715 51895 49277 85307 57625 49551 13159 75577 8269 96819 79057 70040 52299 92928 42070 98910 90956 39968 57313 19395 21596 63411 11954 2873 8719 97475 4562 81729 52599 60467 20834 45257 99864 67080 59916 
938 193
83965 19593 73279 70479 83710 37205 14283 16899 57201 93666 78586 9814 82421 4299 12203 18963 96288 18745 49651 89366 81661 25685 92259 26289 86228 98984 59130 13767 1519 64607 33867 5447 25137 51880 93625 26214 64238 56164 61924 10997 58798 81484 79875 81948 86675 4606 26013 69779 34435 54628 17235 55721 48312 77742 10125 38448 892 46914 66398 42927 31961 86061 70270 93855 15606 13185 57252 84599 2352 27425 19161 617 21972 38126 2991 3717 55852 77030 32111 98897 17676 7656 22158 41716 86690 40149 55090 44963 83876 18449 96550 41847 69720 97579 97593 52558 26832 85927 98662 12376 88812 48823 44049 23166 37099 14161 68003 87370 85830 91982 76680 97 43426 53515 92919 90637 38500 44846 50384 16091 53938 35707 93162 66212 38279 52804 17774 40297 28316 58010 18022 87489 95651 27106 34103 46 23182 41503 75538 84471 64218 29568 4802 73933 27941 99339 6648 79894 9750 49901 70392 64169 35460 567 68967 56205 28308 91688 81660 83641 14507 35190 66856 6379 87931 22845 84164 21164 95659 53390 4022 22074 76401 67894 39896 32210 17730 21755 62316 1051 81416 53542 42692 23130 27279 41904 12910 30726 73638 60473 94030 79339 7213 
467 187
43346 33750 27497 44355 5435 85675 61663 60436 78586 18836 23100 94629 70027 11221 14738 51062 88707 53746 7237 3290 14144 2249 63398 68888 17606 30467 16348 73632 74562 90421 37072 86956 85616 51597 79975 69588 25598 5904 68209 87190 93100 19135 72594 89908 6082 58011 79799 98101 66857 30201 76312 53383 42610 79253 97222 97465 59449 2404 97520 57448 75576 70270 5999 47982 89399 33253 93549 87249 49997 32451 43308 47674 79497 90583 22540 10228 42099 69749 70887 44274 25202 26780 82958 42177 16124 88241 83559 64864 23201 56611 24287 45149 71280 64510 22951 11907 9441 22008 46836 95629 71255 47454 1560 75979 85005 77275 32743 71124 75564 88310 64590 70835 43506 40072 97416 75455 92946 89614 17878 9300 57157 32660 25243 92861 59637 37487 5444 31075 26966 15603 24334 21693 10060 43276 85464 67768 6776 89215 27600 33523 94634 31744 53986 9456 83954 98822 18059 30776 1875 17639 26082 55345 51514 29277 71945 73298 64725 96119 82821 6486 22544 52595 34064 81367 54993 89807 54853 15156 92438 6651 39091 46121 21201 96056 68110 44728 71144 55802 85704 44225 64327 76745 21755 3586 86372 55237 29697 
690 186
58307 42109 60665 85754 76262 56985 76170 84493 83797 22822 2130 69219 60710 43438 87996 25685 40189 95298 60672 80983 3290 237 59733 45055 29298 90373 64607 15740 31729 34729 40194 40102 92381 2050 74369 31781 30642 11637 26795 50916 17235 16456 66784 67246 57583 60492 45832 41678 52688 71740 10750 37209 90561 34488 92240 28981 60182 28159 25051 69412 43987 80821 42738 63403 44284 67369 42397 72854 63334 18110 54674 3683 59167 7806 35120 63994 50680 21213 86510 68925 57720 5294 3887 20860 89282 52021 55913 99313 24806 66576 87775 16955 89837 65075 30498 14462 69821 87796 49756 47829 30514 37383 75433 93875 44508 30856 64519 44846 43074 76987 89699 93804 35182 79792 46037 55100 28034 10060 58768 62586 61846 51693 68691 16244 58043 63555 57130 27155 75340 29575 64821 36410 82387 69784 35555 92356 9226 63344 78174 53015 29749 70191 14076 5807 39085 41881 45971 96522 72123 18375 14408 97921 55412 58581 85665 80371 58201 99346 21635 73921 24241 43190 67763 65193 82648 98000 79558 11583 64254 72026 98091 50461 69933 60129 35451 27192 77926 34367 10122 25253 95553 68972 23894 70588 15928 38905 
129 182
5268 52393 17741 5321 42856 28546 72370 42609 29758 50618 97772 52607 41214 92561 70088 5113 74498 37654 47730 23888 36137 53925 83577 8142 4024 97361 32473 10588 40140 86631 73537 23622 60105 98619 76211 61833 51371 71650 2694 81854 26013 51468 37532 59462 88124 28766 90244 42534 44789 46558 93694 55758 40013 79542 63702 74196 24613 93756 20780 79907 82493 89743 41925 78859 30897 19984 87350 92798 10989 9193 97822 33502 85772 34234 13989 97799 60835 29985 71960 31942 1565 84069 93163 90098 65911 26273 6571 79811 29515 69830 70643 5620 11227 71573 75146 63844 58192 75156 34437 32971 65411 13135 31644 37048 83971 79236 72724 97869 53908 71605 68398 43295 76987 83012 73701 56573 6678 80474 71059 91617 12997 89710 95363 75588 20448 32813 1558 51516 44476 36178 82059 85212 81719 78896 66931 28308 25263 7599 47566 90814 39011 61091 34602 16375 34096 40636 44516 96223 19232 89018 36848 99758 53420 12827 70222 38752 22133 7363 1055 6224 99538 29047 12414 69473 47262 33534 91934 96491 86372 20009 60832 30786 58515 48855 89754 24385 57762 98978 73021 30864 31483 17088 
418 172
83269 5497 81077 10987 76262 65798 92585 97780 97736 32293 69620 2004 99800 60727 67889 28310 69175 60414 81225 73506 91059 1040 95992 34542 72146 63596 44490 48429 34287 11855 89332 93717 75216 23903 4652 60135 60941 85533 14902 28364 98042 85816 98163 50544 78777 65399 30254 12650 12206 62392 89743 98444 31152 30897 57580 46846 64259 77596 25036 32145 65882 13089 11621 97414 93729 33707 31675 96626 39031 68547 76020 42362 60656 44800 83281 82346 68741 64011 2353 58885 6571 86212 79811 92000 78445 84729 81184 89283 97440 48458 1418 27412 68788 8303 21263 31030 156 33266 10666 91368 24253 34649 90308 93342 55256 67093 23044 7353 91718 21528 71720 91842 44282 18843 41024 41032 56997 12505 84101 10186 2097 51124 81188 63488 72550 97046 26082 54293 89367 36469 11890 76842 21177 87394 74938 68499 63577 63637 34586 58458 45310 27578 38568 46706 57723 31864 65278 89673 97752 99367 89565 93502 48662 25516 94466 7628 37463 45455 93367 65024 32378 96716 6757 47262 39544 9884 76747 30149 25738 17368 57508 44805 
700 170
66192 83710 77431 46828 55395 70103 74407 66053 65526 42524 88172 72369 400 19162 77690 39804 20593 51351 21527 37025 75822 39329 61613 34320 2879 39569 5597 30355 55013 78506 74477 21414 34052 86008 30788 60941 53446 45865 16325 28619 17935 34435 15467 77158 33329 91264 98429 47672 70883 19309 50295 44727 96168 17793 21214 53315 49968 59546 5084 87026 31635 54280 90693 89001 24236 73830 40927 72803 82542 11630 78674 29115 41260 23618 831 65922 1830 21111 58430 40782 16608 53038 75422 87091 89847 96550 34247 61700 5294 88145 93204 42946 90098 89373 67630 23141 96098 34414 28828 2150 46074 80164 6819 78470 35345 14812 32427 29805 44336 20254 79985 65415 6095 74293 9326 79163 14462 62463 93824 97852 4062 58924 37383 70787 8055 32660 94288 80633 19332 23936 67230 83767 94204 81467 63705 5802 74725 81730 17443 19247 34800 38603 93781 27600 61265 24648 30568 69375 14870 35047 55619 22327 90149 98305 88234 48839 43932 84044 12804 40899 37939 25804 88509 15923 11478 49807 54737 140 92028 1366 
691 168
48227 87263 39363 40594 46828 97918 61141 82050 25146 56162 78794 42490 65096 47936 8974 44135 42734 30009 34509 65450 97572 84286 69072 81779 737 237 25515 39379 97917 75615 76775 62270 21119 72956 16559 74091 82298 50916 5311 7942 37706 77516 11547 61236 79583 79837 42805 24052 26161 70883 66414 45822 56290 25343 12813 89743 95738 72220 3269 51821 94946 43987 60951 71639 34720 11621 93117 2131 10180 86398 41673 36529 3591 77854 24101 94815 91990 29184 5615 30308 19578 70624 46957 9395 65274 52295 99530 40970 66420 2170 915 43315 45840 12864 93048 29805 59490 97517 35096 93200 44449 19462 72351 2596 80850 85885 77428 82048 79831 54337 29547 17324 70143 91172 89614 98739 52254 31982 71597 88826 80222 81604 64518 7168 35902 50842 68627 58383 84923 96612 6859 36900 84486 78295 58043 33494 51343 11029 86049 10678 34875 73462 26039 1921 93769 28586 16649 23983 80159 19687 66189 70197 8175 86262 55970 55321 87834 43671 56712 34064 26988 53042 83595 94466 65538 68083 34837 7076 
511 164
6413 65798 35912 51006 68026 25832 3117 40073 40901 70438 25105 98877 84695 23262 2130 96003 89683 83970 76664 28522 24734 75678 16544 41105 43962 44462 79695 17062 237 8745 51631 46789 65908 92984 37625 99997 99101 57677 57416 88626 63997 97729 91904 7331 7992 57678 35149 45015 36847 83571 21295 74091 75090 6137 65171 20626 79452 97072 75607 59760 1677 31167 13413 78777 23445 12133 27430 16766 96278 60442 62498 61802 51022 55886 81315 26409 53848 9127 70875 50207 20621 78647 76792 28596 93846 72720 82465 77572 70280 88226 49348 19805 68072 48793 37764 2323 9074 53770 71463 89357 55474 48458 42879 85648 68228 64706 65999 85705 6680 12864 76124 34082 642 15953 39762 54321 44208 32022 5480 53280 48985 90716 44145 79439 12434 68044 74630 49537 84553 40282 47829 33611 90742 63250 70180 6442 63032 67448 23226 19550 78750 82536 15887 64266 75964 15250 10465 47867 3858 95035 60433 44074 19003 46727 13528 21071 78838 48495 32844 99339 86605 83746 88234 17815 
538 158
46828 25819 32185 44790 70083 16697 85675 42837 95712 79465 83029 96034 51776 39351 90638 55367 89951 37750 60645 50050 17724 11180 8142 34606 25028 36921 83550 73116 10386 94166 86918 65110 87746 53302 54621 3538 53660 49296 55688 93472 50880 47383 66445 783 15218 25104 83196 4295 56297 19681 23831 30825 11383 50564 54448 10750 35318 6786 8414 86736 12728 43375 70942 60951 67784 4442 88163 67386 31770 18157 5456 95967 51279 65349 99477 79019 14785 84721 76081 66082 52574 29083 49159 72351 43408 89049 77752 37091 98009 54753 27337 97852 9669 87260 71770 40132 63814 19960 31285 80222 10134 13752 20710 49574 68691 78745 25180 56793 27414 574 31744 20361 92318 45119 42211 88477 69004 98239 87152 37996 19423 63969 90325 82694 61619 84468 26522 84160 60649 17272 96788 75019 21323 30483 99115 17876 58631 20405 40557 86701 49571 58726 24649 36639 61352 1435 73044 87223 51906 33043 11877 32038 3977 66798 36249 76587 5227 72402 
277 148
47557 24713 67095 67792 96964 3052 77700 86798 43497 33782 97736 18851 88596 85713 53966 24698 76447 39953 5324 66940 74496 45055 81149 93983 2979 37720 97653 38235 70745 53446 45532 50516 76894 12990 4606 32769 47811 67246 64948 37706 47944 16253 18273 76725 65836 83383 32654 56362 93489 47006 92567 83695 29331 36195 48829 93520 13105 79019 7813 43653 89051 38567 54615 95816 26174 74003 17676 76320 11005 59492 31111 22066 52163 12375 89187 66833 77260 38992 4906 865 73066 73788 14752 9410 63844 54931 10459 14416 43310 29147 48890 75624 41078 68099 3051 99798 30003 38898 78251 35647 23078 65141 89073 31289 85262 61685 19708 79373 10442 98159 92827 70807 21082 26044 46319 9955 63757 7597 99470 25863 19110 53453 97062 4101 35963 45860 25063 25271 44770 5028 55592 25804 7202 84201 82860 46891 86262 20227 47723 59236 87077 32104 93681 80178 66449 45122 95438 99829 
715 147
16899 76191 55680 67373 60137 57840 85675 35782 12905 67209 47818 1005 49651 39593 66827 13051 52248 36116 67215 29268 27450 854 84897 20389 32889 50335 21414 93625 55037 62511 14866 28928 67794 28708 50886 66249 52440 18394 41137 73789 93848 39261 81281 42805 70439 38176 62379 49307 17113 15226 78774 65435 68052 6760 73799 39660 38674 57954 20272 38574 23141 50230 60979 18606 87417 1617 39223 46021 73794 30120 44958 16990 27104 73577 61290 46539 48646 93310 21993 32786 9771 62434 55339 42807 94600 58056 26945 37775 56411 45661 91394 20585 62113 13944 9380 13861 15708 70752 80404 98903 49702 30693 73167 49980 20348 28172 63090 52325 82190 71059 69290 48531 48405 51148 1317 76384 62280 12505 56416 57661 52538 51015 51670 64546 85380 98305 31442 34600 42951 134 37168 34632 84483 36776 47124 79148 64068 86364 62224 30707 22119 28916 23991 9200 87264 95467 51401 
464 137
66817 21155 70802 88629 67792 80236 45395 65800 45780 58560 44273 69604 6443 5358 87089 81999 26393 73122 43438 46722 1259 14494 63978 76972 41105 4793 2249 47527 21802 40331 8142 7818 53202 26782 93949 16024 50718 49817 98010 27596 70175 76998 92653 92383 95518 40127 71650 25532 94536 98997 43742 61620 17935 74202 69135 60440 49439 85816 8746 99211 38246 87798 58099 29930 54934 15988 995 66414 54488 92298 64414 1078 82407 29221 41325 32849 75298 32488 89532 65658 4604 29019 1136 74359 90928 72361 36122 32276 86650 47626 6711 40137 27290 2464 58479 38059 53417 11002 37764 16531 11286 46477 72485 61574 10630 82517 44593 20371 60995 19070 80922 95040 78214 32013 29885 39322 63675 78294 57550 17036 84091 25378 15081 47602 79831 76479 71275 15880 28493 4308 62600 78251 70079 31186 54897 59738 79373 
502 132
28569 93593 98133 41468 80342 67095 85208 99332 70023 84695 77690 74999 50159 85430 60727 19172 83427 74891 43378 65961 29268 90882 37602 7376 14382 86631 51678 87602 48082 58798 81007 64645 10478 58027 70375 95159 81368 16546 10739 53029 25158 79515 73553 79583 53560 32090 41137 71264 61633 68881 66323 82080 10750 2638 96465 85737 49968 12753 34012 95964 38297 64186 76632 68696 78647 46875 90180 34958 7598 72720 82465 81858 59601 85525 10489 30004 11286 76776 865 6044 29650 60540 41971 13680 80388 33578 92082 60252 81507 71696 9419 79985 48230 6729 19704 66626 85766 95987 78312 38953 85401 22876 43093 48222 10852 29014 5285 94529 96120 96216 87059 39548 46155 38223 91043 74557 99159 64507 26744 39274 71811 87977 49722 10487 54649 27507 62533 57171 62875 26867 40503 74649 
921 127
31753 31838 72500 96570 33750 6413 8982 58911 54593 4491 94782 39697 36432 51443 82311 97221 2116 43443 12410 60478 16526 44680 24470 88151 42974 10223 20529 65777 73738 69354 90396 24187 30010 79253 70358 43999 76556 2263 46146 17090 89487 48941 17676 82892 60979 10755 40471 95986 83091 92082 13979 52684 88529 77353 23020 89842 71108 53562 23044 18141 74368 89985 30896 22035 18018 41144 81891 98887 36508 38843 22676 82229 25014 48035 48477 76243 25863 80452 72070 58530 89087 45264 43771 71838 30733 25536 89526 60962 61155 88445 79509 53527 12647 23311 33009 39221 50453 75020 89297 47322 86730 42252 28955 79805 55217 9367 26429 24675 6968 82655 41485 74697 35365 73068 76991 45013 72944 48369 94996 92409 99616 4392 72814 32346 96968 62900 75242 
257 123
34324 78741 35912 81157 42585 33278 44780 29611 76639 87744 98885 34509 6399 44552 25877 97186 25088 30158 41934 52571 16348 44332 51721 67138 37926 46880 75672 65683 81602 33142 77058 26246 36847 89750 73553 30187 19471 53572 75057 18152 79212 24064 11606 45574 92240 36953 10242 69749 68696 6760 21972 92867 34056 23210 93057 6345 88376 66015 32479 57328 83744 83995 68228 50759 32065 59814 98981 99179 51246 52744 51383 92974 79236 17099 31040 41359 49107 80506 95445 85256 51819 1343 15500 59620 90095 51690 61899 52975 54427 99712 36154 22260 13869 23507 38531 63039 74461 69784 94118 92967 42010 10805 27107 33548 27002 97618 75087 70132 60652 73947 51061 4484 59464 58194 95659 65862 20392 69611 45455 26047 4452 33375 42782 
4 122
10408 81077 92585 88629 19950 24235 50501 80817 1666 97695 42213 93231 3705 69730 19463 20045 5918 84841 21843 48429 27894 11761 45420 43831 63873 59201 4076 42296 20865 51180 53459 84481 13195 24594 75616 37849 83196 97605 3176 89665 24361 65399 78468 54643 39271 5084 48220 66001 70666 57580 45994 53953 51579 41072 38682 35212 40479 48428 62605 71432 39031 75750 16396 44274 22428 99476 91524 28697 58381 75175 16308 32554 11227 85031 52021 95390 70406 49849 53016 59270 60462 68107 66677 97390 68994 77190 19462 72072 87507 68765 93348 58840 8059 18127 10852 65969 19445 9579 65502 53959 5550 77663 52158 49318 7140 26934 49715 13302 3993 83625 69803 51809 51620 19515 98075 47971 13528 33598 25730 24421 36405 30479 
20 119
34680 68553 59226 87896 95580 39094 52934 76995 37127 23409 39331 66877 62084 16130 69511 19353 95868 68812 35635 9770 55783 84862 38117 56303 82816 90484 31729 78204 35831 66251 50718 8906 75394 89277 78589 26214 18608 62355 13558 25825 98291 54981 66276 28708 45266 57889 44803 568 99453 89939 71729 72045 4171 6275 53341 41154 34810 64450 67200 5128 18352 25161 20624 99990 1190 30081 2663 54056 86491 11769 50148 28435 86510 42566 66152 62935 59943 80044 31490 83559 70285 75805 97500 52485 66415 74336 21457 93546 10620 52530 46539 84508 63462 79439 92056 63306 27402 54740 40072 44612 12014 62568 40532 66328 52448 21245 51932 86554 47371 29609 78501 79772 58807 73778 66621 5340 62484 1847 67144 
863 115
43254 51338 71219 7489 72460 77415 78622 75591 83750 2598 93441 52607 8053 70305 32190 13304 60550 30991 616 34320 91799 43739 56247 25122 82384 2050 44917 75993 2805 75898 79813 38235 8529 3336 5220 45015 29397 62773 28395 49881 97238 69388 93489 55641 43977 70320 33253 87518 23234 33928 84772 8201 69801 10180 13105 53412 13452 36594 68975 86690 36251 2323 48311 24287 72722 62589 62039 16322 18452 52021 5347 4944 3440 31030 41518 14161 8862 29344 79439 38953 17645 45720 39521 33087 43754 45643 5820 82048 17376 37997 51192 24325 35773 9122 48694 35707 84734 57994 98616 3993 93373 26044 61564 21769 53879 46995 55308 74248 41018 76881 90770 94079 63532 62210 42360 
942 105
69901 77559 23352 88831 91693 17646 87234 10872 99305 62887 58067 45678 65401 93896 82287 53190 27455 79635 26641 16348 89620 78030 12943 48654 85284 88373 81267 86631 6696 27751 69754 98556 97818 88515 90818 44781 29833 92767 35591 52313 95120 53204 67309 73789 45822 68932 23584 20219 32944 71270 80938 27532 67784 11283 22898 77475 20624 39660 12285 28181 6639 96565 6101 5398 92520 39619 56224 24410 17941 22269 71968 11873 65691 90984 46593 99313 11351 50759 67674 36746 2667 67228 39086 98262 71158 92030 65672 97958 35155 21606 47660 44428 68352 37487 14118 42925 96296 28312 35225 50540 87711 8224 30550 52804 13303 
210 102
51508 96580 71813 34324 48472 73279 29436 31263 46688 23262 434 8273 13602 22257 71772 17655 69766 29734 76831 41814 67179 40789 90581 10223 47383 21163 45865 58798 81 10997 1231 32651 88659 84294 1692 13484 32431 37004 40494 33066 85711 33710 54069 10061 25824 12813 45017 95141 90561 91092 70270 25967 31423 2435 25036 65229 56388 98956 47487 52033 56763 9836 5398 91710 73931 54437 89051 76340 93324 97993 64864 49045 29773 5822 79488 94964 23494 74027 38489 91400 68103 58505 49500 28511 13680 21946 11459 29109 23259 47454 58075 84924 8645 16574 72456 41078 47247 85766 13606 91053 29044 39229 
956 95
34680 59226 2555 76191 56395 30116 60993 89544 80974 97736 91422 74388 64966 91629 14354 15487 87441 85430 65942 63834 79670 64237 76447 22295 15897 38030 16767 57370 76816 10386 92584 45791 34524 2879 65113 37724 37976 29734 46254 63556 64238 3428 99868 6007 56875 75707 35434 7615 13022 76894 78225 9569 85965 91713 59345 13192 62454 50451 51022 98918 60182 57158 57608 35061 95810 78798 10813 78674 10242 23097 94972 62605 39031 7091 98145 3241 63005 34564 26068 49573 98448 74585 83128 84865 39481 2701 51471 99530 75175 73481 51644 40555 1418 91194 81536 
271 90
20193 35341 79171 68026 14293 54143 54598 10336 98779 31122 50618 75591 19863 30409 77068 53966 91469 7257 25685 53387 18142 38030 54735 33706 13814 31337 78030 34310 49292 74382 88928 40780 6703 31641 12295 96751 27379 35149 12107 8220 54628 89100 32922 30997 20626 24832 35700 20296 16514 5659 5421 15597 71421 41697 92320 20780 69430 79434 84352 40484 12206 15013 99557 44620 12314 70113 53535 44810 94946 72775 79480 77191 36195 67456 6920 81001 9065 2352 73799 98650 81883 54674 50078 48181 12619 66822 29831 83165 61700 1904 
558 84
23451 51508 92998 92513 30785 37882 51250 92026 92811 7361 85375 85713 62121 68619 93441 25404 35635 6961 77604 46304 82318 39329 10285 78710 37339 49825 45881 2272 8906 25280 56051 60890 35954 55688 75898 1721 40580 57719 84374 61924 35605 75903 81602 27273 91902 29332 56545 12495 66756 53572 30041 73429 35561 59025 28669 89266 39233 16576 19009 12960 9918 88782 98404 93611 82542 7959 27161 64702 11538 35955 49740 16316 87894 13308 92842 42189 41608 23494 94194 84038 25454 44958 72318 80488 
52 80
72633 96570 11088 92805 66645 67373 13472 12260 58560 76639 41382 37127 36200 434 31103 24805 75402 18621 86918 73083 947 44902 11016 60199 28928 44724 54272 8345 85957 10552 23148 57898 60842 17668 63702 23030 24507 54817 58796 4887 44335 27083 10591 99837 98087 7669 29019 93286 22890 24206 12660 19588 8354 96495 32035 30034 79782 1199 38723 91428 53770 82892 57537 90195 88404 62512 42579 97087 28514 37802 62611 517 29109 83289 30610 446 68765 54101 28284 94708 
852 78
42109 35341 63604 22897 93355 10408 99144 16909 75868 41382 91422 91743 28522 65833 85532 74488 54304 84286 81225 45590 35006 57632 19172 70230 19060 9057 11781 51721 89085 15519 47879 76813 73190 84874 23167 43243 66439 95931 55245 11983 85971 72596 4939 18807 31322 41297 67003 66414 9372 12960 80079 60221 64440 54280 12753 59944 12578 89814 799 80901 87518 33688 47581 93067 31665 35980 16156 29996 94080 50515 88603 823 63994 69129 73007 94964 50243 74874 
937 71
43346 30785 73265 66192 46368 87588 23080 19566 47311 49692 58199 47847 25240 20302 23866 92816 35900 41105 24734 69688 76457 40211 56022 95806 26464 88928 46834 53792 95558 3875 13181 64948 43707 23466 48988 83383 87492 24350 18509 98834 83124 54918 51253 42425 56388 33053 78774 70296 54919 81337 54490 18723 3624 6330 92842 22001 89212 35778 34243 6433 21984 31762 43599 68533 66766 88237 98269 20231 89809 55788 22333 
519 62
21351 72370 51720 36177 31219 62266 12732 99144 17571 69780 43794 77068 54592 63474 31103 93586 14144 56328 46566 31861 1746 95806 34611 80689 89085 17409 56228 82366 48579 64985 61089 34208 37064 28386 47965 50238 22386 43842 19803 18394 67309 27584 30932 13158 24965 33513 44789 82901 92320 48904 87403 9218 310 50906 40484 35242 279 24880 67456 32744 44284 35548 
429 52
44780 68332 74214 90540 74658 83710 20814 83029 93911 42524 42429 21789 37428 58868 43443 81225 14144 37339 79635 95785 17655 63499 90484 40102 83504 75671 81561 74232 31701 64065 73801 42868 79227 26246 39130 83042 55721 43220 31817 59861 39438 50406 74982 97051 89509 25739 98355 90836 27430 36894 15013 80938 
999 46
25600 95609 9822 39094 21155 89943 52702 18836 74853 72249 33630 68393 77857 51872 97755 70911 98195 1956 60099 73083 92001 91946 94228 81632 6696 32325 53704 31610 21942 38911 67357 69654 68848 89665 18394 58005 92949 91632 29980 70423 10591 58320 18561 11606 96967 98829 
179 44
41701 13563 33932 62375 92294 73181 88074 65575 19127 40153 67141 50159 1749 69090 26248 39907 52248 88973 80862 70065 48917 56154 78030 70693 45972 34611 92730 60840 99868 15743 73190 57417 56944 86040 94903 30246 44961 51773 66398 61312 78357 25340 81008 88791 
520 42
74407 22110 2966 13598 85754 96523 99332 29533 98779 82948 22945 79992 2656 4491 76101 12562 29226 51595 36017 89347 33507 20045 24946 98584 32204 23795 63051 66941 43621 56631 1823 71772 64334 87056 6635 68209 80596 92312 21486 15218 45865 8135 
178 41
264 1033 21155 2966 41468 74593 24174 92811 7668 16808 21405 74999 97060 29253 41141 13059 64578 23057 91799 7638 70626 61613 5056 66258 74061 20389 90882 2792 45171 28014 75394 78212 70693 1681 15444 25598 69683 47965 62787 97818 28681 
99 35
69470 83965 56985 15482 51508 49830 20359 54598 61402 33630 54798 800 33791 26721 69072 42435 94645 43378 80845 25088 1817 5997 66774 2272 46451 45833 69874 45420 8750 46254 10616 36049 63053 44902 7324 
203 30
9060 8447 8982 39094 88844 68068 67209 51293 25436 57910 36899 54945 20042 92816 33597 79796 57912 74228 59733 53732 5281 97039 38987 16918 86097 59164 85284 66136 8750 55688 
633 28
39363 93275 89943 87234 24713 59049 24174 85025 36856 28438 59149 56704 35846 81213 99704 47292 78960 48774 50094 58370 17777 79773 29734 19993 1849 13600 57719 28543 
537 20
92699 52420 73279 43416 13048 76170 67209 26769 40625 49924 2130 1820 58362 86578 41747 77604 24839 90695 34542 26270 
946 14
83912 74347 69901 50033 48472 47425 9814 63324 61386 53381 37118 87996 57568 33472 
160 12
39708 62939 98515 88844 34324 51508 46717 69342 8974 32994 95868 8614 
248 7
55234 98716 97780 48899 15482 33278 91376 
602 6
22715 31006 50562 34840 28649 76968 
87 5
7489 87551 17646 84493 76220 
972 4
43254 52420 18470 50033 
37 3
56985 57840 69723 
100 2
67644 25600 
27 1
71219